0.000000 1.021757
0.000167 1.021755
0.000334 1.021748
0.000500 1.021736
0.000667 1.021720
0.000834 1.021698
0.001001 1.021673
0.001167 1.021642
0.001334 1.021607
0.001501 1.021567
0.001668 1.021523
0.001835 1.021474
0.002001 1.021420
0.002168 1.021362
0.002335 1.021299
0.002502 1.021231
0.002668 1.021159
0.002835 1.021082
0.003002 1.021001
0.003169 1.020915
0.003336 1.020824
0.003502 1.020729
0.003669 1.020630
0.003836 1.020526
0.004003 1.020417
0.004169 1.020304
0.004336 1.020187
0.004503 1.020065
0.004670 1.019939
0.004837 1.019808
0.005003 1.019673
0.005170 1.019533
0.005337 1.019390
0.005504 1.019242
0.005670 1.019089
0.005837 1.018933
0.006004 1.018772
0.006171 1.018607
0.006338 1.018438
0.006504 1.018265
0.006671 1.018087
0.006838 1.017906
0.007005 1.017720
0.007171 1.017530
0.007338 1.017337
0.007505 1.017139
0.007672 1.016938
0.007839 1.016732
0.008005 1.016523
0.008172 1.016310
0.008339 1.016093
0.008506 1.015873
0.008672 1.015648
0.008839 1.015420
0.009006 1.015188
0.009173 1.014953
0.009340 1.014714
0.009506 1.014472
0.009673 1.014226
0.009840 1.013977
0.010007 1.013724
0.010173 1.013468
0.010340 1.013208
0.010507 1.012946
0.010674 1.012680
0.010841 1.012411
0.011007 1.012138
0.011174 1.011863
0.011341 1.011584
0.011508 1.011303
0.011674 1.011019
0.011841 1.010731
0.012008 1.010441
0.012175 1.010148
0.012342 1.009852
0.012508 1.009554
0.012675 1.009253
0.012842 1.008949
0.013009 1.008642
0.013175 1.008334
0.013342 1.008022
0.013509 1.007708
0.013676 1.007392
0.013843 1.007074
0.014009 1.006753
0.014176 1.006430
0.014343 1.006105
0.014510 1.005778
0.014676 1.005449
0.014843 1.005118
0.015010 1.004785
0.015177 1.004450
0.015344 1.004114
0.015510 1.003775
0.015677 1.003435
0.015844 1.003094
0.016011 1.002750
0.016177 1.002405
0.016344 1.002059
0.016511 1.001712
0.016678 1.001363
0.016845 1.001012
0.017011 1.000661
0.017178 1.000308
0.017345 0.999955
0.017512 0.999600
0.017678 0.999244
0.017845 0.998888
0.018012 0.998530
0.018179 0.998172
0.018346 0.997813
0.018512 0.997454
0.018679 0.997094
0.018846 0.996733
0.019013 0.996372
0.019179 0.996010
0.019346 0.995648
0.019513 0.995286
0.019680 0.994924
0.019847 0.994561
0.020013 0.994199
0.020180 0.993836
0.020347 0.993474
0.020514 0.993112
0.020680 0.992749
0.020847 0.992387
0.021014 0.992026
0.021181 0.991665
0.021348 0.991304
0.021514 0.990943
0.021681 0.990584
0.021848 0.990225
0.022015 0.989866
0.022181 0.989509
0.022348 0.989152
0.022515 0.988796
0.022682 0.988441
0.022849 0.988088
0.023015 0.987735
0.023182 0.987383
0.023349 0.987033
0.023516 0.986684
0.023682 0.986336
0.023849 0.985990
0.024016 0.985645
0.024183 0.985302
0.024350 0.984961
0.024516 0.984621
0.024683 0.984283
0.024850 0.983947
0.025017 0.983612
0.025183 0.983280
0.025350 0.982950
0.025517 0.982621
0.025684 0.982295
0.025851 0.981971
0.026017 0.981650
0.026184 0.981331
0.026351 0.981014
0.026518 0.980699
0.026684 0.980387
0.026851 0.980078
0.027018 0.979771
0.027185 0.979467
0.027352 0.979166
0.027518 0.978868
0.027685 0.978573
0.027852 0.978280
0.028019 0.977991
0.028185 0.977704
0.028352 0.977421
0.028519 0.977141
0.028686 0.976865
0.028853 0.976591
0.029019 0.976321
0.029186 0.976055
0.029353 0.975792
0.029520 0.975532
0.029686 0.975276
0.029853 0.975024
0.030020 0.974776
0.030187 0.974531
0.030354 0.974290
0.030520 0.974053
0.030687 0.973820
0.030854 0.973591
0.031021 0.973366
0.031187 0.973145
0.031354 0.972929
0.031521 0.972716
0.031688 0.972508
0.031855 0.972304
0.032021 0.972105
0.032188 0.971910
0.032355 0.971719
0.032522 0.971533
0.032688 0.971352
0.032855 0.971175
0.033022 0.971003
0.033189 0.970835
0.033356 0.970673
0.033522 0.970515
0.033689 0.970362
0.033856 0.970214
0.034023 0.970070
0.034189 0.969932
0.034356 0.969799
0.034523 0.969671
0.034690 0.969548
0.034857 0.969430
0.035023 0.969318
0.035190 0.969210
0.035357 0.969108
0.035524 0.969011
0.035690 0.968920
0.035857 0.968834
0.036024 0.968753
0.036191 0.968678
0.036358 0.968608
0.036524 0.968544
0.036691 0.968485
0.036858 0.968432
0.037025 0.968385
0.037191 0.968343
0.037358 0.968307
0.037525 0.968277
0.037692 0.968253
0.037859 0.968234
0.038025 0.968221
0.038192 0.968214
0.038359 0.968212
0.038526 0.968217
0.038692 0.968227
0.038859 0.968244
0.039026 0.968266
0.039193 0.968295
0.039360 0.968329
0.039526 0.968369
0.039693 0.968416
0.039860 0.968468
0.040027 0.968527
0.040193 0.968591
0.040360 0.968662
0.040527 0.968739
0.040694 0.968822
0.040861 0.968911
0.041027 0.969006
0.041194 0.969108
0.041361 0.969215
0.041528 0.969329
0.041694 0.969449
0.041861 0.969575
0.042028 0.969708
0.042195 0.969847
0.042362 0.969991
0.042528 0.970143
0.042695 0.970300
0.042862 0.970464
0.043029 0.970633
0.043195 0.970809
0.043362 0.970992
0.043529 0.971180
0.043696 0.971375
0.043863 0.971576
0.044029 0.971783
0.044196 0.971997
0.044363 0.972217
0.044530 0.972443
0.044696 0.972675
0.044863 0.972913
0.045030 0.973158
0.045197 0.973408
0.045364 0.973665
0.045530 0.973928
0.045697 0.974197
0.045864 0.974472
0.046031 0.974754
0.046197 0.975041
0.046364 0.975335
0.046531 0.975634
0.046698 0.975940
0.046865 0.976252
0.047031 0.976569
0.047198 0.976893
0.047365 0.977223
0.047532 0.977558
0.047698 0.977900
0.047865 0.978247
0.048032 0.978600
0.048199 0.978959
0.048366 0.979324
0.048532 0.979694
0.048699 0.980071
0.048866 0.980453
0.049033 0.980840
0.049199 0.981233
0.049366 0.981632
0.049533 0.982037
0.049700 0.982447
0.049867 0.982862
0.050033 0.983283
0.050200 0.983709
0.050367 0.984141
0.050534 0.984578
0.050700 0.985020
0.050867 0.985468
0.051034 0.985921
0.051201 0.986378
0.051368 0.986841
0.051534 0.987309
0.051701 0.987783
0.051868 0.988261
0.052035 0.988743
0.052201 0.989231
0.052368 0.989724
0.052535 0.990221
0.052702 0.990723
0.052869 0.991230
0.053035 0.991741
0.053202 0.992257
0.053369 0.992777
0.053536 0.993302
0.053702 0.993831
0.053869 0.994365
0.054036 0.994902
0.054203 0.995444
0.054370 0.995990
0.054536 0.996540
0.054703 0.997094
0.054870 0.997651
0.055037 0.998213
0.055203 0.998779
0.055370 0.999348
0.055537 0.999921
0.055704 1.000497
0.055871 1.001077
0.056037 1.001660
0.056204 1.002247
0.056371 1.002837
0.056538 1.003430
0.056704 1.004026
0.056871 1.004625
0.057038 1.005228
0.057205 1.005833
0.057372 1.006441
0.057538 1.007052
0.057705 1.007665
0.057872 1.008281
0.058039 1.008900
0.058205 1.009521
0.058372 1.010144
0.058539 1.010770
0.058706 1.011397
0.058873 1.012027
0.059039 1.012659
0.059206 1.013292
0.059373 1.013928
0.059540 1.014565
0.059706 1.015204
0.059873 1.015844
0.060040 1.016486
0.060207 1.017129
0.060374 1.017774
0.060540 1.018419
0.060707 1.019066
0.060874 1.019714
0.061041 1.020362
0.061207 1.021012
0.061374 1.021662
0.061541 1.022312
0.061708 1.022964
0.061875 1.023615
0.062041 1.024267
0.062208 1.024919
0.062375 1.025572
0.062542 1.026224
0.062708 1.026876
0.062875 1.027528
0.063042 1.028180
0.063209 1.028831
0.063376 1.029482
0.063542 1.030132
0.063709 1.030781
0.063876 1.031430
0.064043 1.032077
0.064209 1.032724
0.064376 1.033370
0.064543 1.034014
0.064710 1.034657
0.064877 1.035298
0.065043 1.035938
0.065210 1.036576
0.065377 1.037213
0.065544 1.037847
0.065710 1.038480
0.065877 1.039110
0.066044 1.039738
0.066211 1.040364
0.066378 1.040987
0.066544 1.041608
0.066711 1.042226
0.066878 1.042842
0.067045 1.043454
0.067211 1.044063
0.067378 1.044670
0.067545 1.045273
0.067712 1.045872
0.067879 1.046468
0.068045 1.047061
0.068212 1.047650
0.068379 1.048235
0.068546 1.048816
0.068712 1.049393
0.068879 1.049966
0.069046 1.050534
0.069213 1.051098
0.069380 1.051658
0.069546 1.052213
0.069713 1.052763
0.069880 1.053308
0.070047 1.053849
0.070213 1.054384
0.070380 1.054914
0.070547 1.055438
0.070714 1.055958
0.070881 1.056471
0.071047 1.056979
0.071214 1.057481
0.071381 1.057977
0.071548 1.058467
0.071714 1.058951
0.071881 1.059428
0.072048 1.059899
0.072215 1.060364
0.072382 1.060822
0.072548 1.061273
0.072715 1.061717
0.072882 1.062154
0.073049 1.062585
0.073215 1.063007
0.073382 1.063423
0.073549 1.063831
0.073716 1.064231
0.073883 1.064624
0.074049 1.065009
0.074216 1.065385
0.074383 1.065754
0.074550 1.066115
0.074716 1.066467
0.074883 1.066811
0.075050 1.067146
0.075217 1.067473
0.075384 1.067791
0.075550 1.068099
0.075717 1.068399
0.075884 1.068690
0.076051 1.068972
0.076217 1.069244
0.076384 1.069507
0.076551 1.069760
0.076718 1.070003
0.076885 1.070237
0.077051 1.070460
0.077218 1.070674
0.077385 1.070878
0.077552 1.071071
0.077718 1.071254
0.077885 1.071426
0.078052 1.071588
0.078219 1.071739
0.078386 1.071879
0.078552 1.072008
0.078719 1.072126
0.078886 1.072233
0.079053 1.072329
0.079219 1.072413
0.079386 1.072486
0.079553 1.072548
0.079720 1.072597
0.079887 1.072635
0.080053 1.072661
0.080220 1.072675
0.080387 1.072676
0.080554 1.072666
0.080720 1.072643
0.080887 1.072608
0.081054 1.072560
0.081221 1.072500
0.081388 1.072427
0.081554 1.072341
0.081721 1.072242
0.081888 1.072130
0.082055 1.072005
0.082221 1.071867
0.082388 1.071715
0.082555 1.071550
0.082722 1.071372
0.082889 1.071180
0.083055 1.070974
0.083222 1.070754
0.083389 1.070521
0.083556 1.070273
0.083722 1.070011
0.083889 1.069736
0.084056 1.069446
0.084223 1.069141
0.084390 1.068822
0.084556 1.068489
0.084723 1.068141
0.084890 1.067779
0.085057 1.067401
0.085223 1.067009
0.085390 1.066602
0.085557 1.066180
0.085724 1.065742
0.085891 1.065290
0.086057 1.064822
0.086224 1.064339
0.086391 1.063840
0.086558 1.063326
0.086724 1.062797
0.086891 1.062252
0.087058 1.061691
0.087225 1.061114
0.087392 1.060521
0.087558 1.059913
0.087725 1.059288
0.087892 1.058648
0.088059 1.057991
0.088225 1.057318
0.088392 1.056629
0.088559 1.055923
0.088726 1.055201
0.088893 1.054463
0.089059 1.053708
0.089226 1.052936
0.089393 1.052148
0.089560 1.051343
0.089726 1.050522
0.089893 1.049683
0.090060 1.048828
0.090227 1.047956
0.090394 1.047066
0.090560 1.046160
0.090727 1.045237
0.090894 1.044296
0.091061 1.043339
0.091227 1.042364
0.091394 1.041372
0.091561 1.040363
0.091728 1.039336
0.091895 1.038292
0.092061 1.037230
0.092228 1.036151
0.092395 1.035055
0.092562 1.033940
0.092728 1.032809
0.092895 1.031659
0.093062 1.030492
0.093229 1.029308
0.093396 1.028105
0.093562 1.026885
0.093729 1.025647
0.093896 1.024392
0.094063 1.023118
0.094229 1.021827
0.094396 1.020517
0.094563 1.019190
0.094730 1.017845
0.094897 1.016482
0.095063 1.015101
0.095230 1.013702
0.095397 1.012285
0.095564 1.010850
0.095730 1.009397
0.095897 1.007926
0.096064 1.006437
0.096231 1.004930
0.096398 1.003405
0.096564 1.001861
0.096731 1.000300
0.096898 0.998720
0.097065 0.997123
0.097231 0.995507
0.097398 0.993874
0.097565 0.992222
0.097732 0.990552
0.097899 0.988864
0.098065 0.987158
0.098232 0.985434
0.098399 0.983692
0.098566 0.981931
0.098732 0.980153
0.098899 0.978357
0.099066 0.976543
0.099233 0.974710
0.099400 0.972860
0.099566 0.970992
0.099733 0.969106
0.099900 0.967201
0.100067 0.965279
0.100233 0.963339
0.100400 0.961382
0.100567 0.959406
0.100734 0.957413
0.100901 0.955401
0.101067 0.953372
0.101234 0.951326
0.101401 0.949261
0.101568 0.947179
0.101734 0.945079
0.101901 0.942962
0.102068 0.940827
0.102235 0.938675
0.102402 0.936505
0.102568 0.934318
0.102735 0.932113
0.102902 0.929891
0.103069 0.927652
0.103235 0.925395
0.103402 0.923121
0.103569 0.920830
0.103736 0.918522
0.103903 0.916197
0.104069 0.913855
0.104236 0.911496
0.104403 0.909120
0.104570 0.906727
0.104736 0.904318
0.104903 0.901891
0.105070 0.899449
0.105237 0.896989
0.105404 0.894513
0.105570 0.892020
0.105737 0.889511
0.105904 0.886986
0.106071 0.884445
0.106237 0.881887
0.106404 0.879313
0.106571 0.876723
0.106738 0.874117
0.106905 0.871495
0.107071 0.868858
0.107238 0.866205
0.107405 0.863536
0.107572 0.860851
0.107738 0.858151
0.107905 0.855435
0.108072 0.852704
0.108239 0.849958
0.108406 0.847197
0.108572 0.844420
0.108739 0.841629
0.108906 0.838823
0.109073 0.836002
0.109239 0.833166
0.109406 0.830315
0.109573 0.827450
0.109740 0.824571
0.109907 0.821677
0.110073 0.818769
0.110240 0.815847
0.110407 0.812911
0.110574 0.809961
0.110740 0.806997
0.110907 0.804019
0.111074 0.801027
0.111241 0.798023
0.111408 0.795004
0.111574 0.791973
0.111741 0.788928
0.111908 0.785870
0.112075 0.782799
0.112241 0.779715
0.112408 0.776619
0.112575 0.773510
0.112742 0.770388
0.112909 0.767254
0.113075 0.764107
0.113242 0.760949
0.113409 0.757778
0.113576 0.754596
0.113742 0.751401
0.113909 0.748195
0.114076 0.744978
0.114243 0.741749
0.114410 0.738508
0.114576 0.735257
0.114743 0.731994
0.114910 0.728720
0.115077 0.725436
0.115243 0.722141
0.115410 0.718835
0.115577 0.715519
0.115744 0.712193
0.115911 0.708857
0.116077 0.705510
0.116244 0.702154
0.116411 0.698788
0.116578 0.695412
0.116744 0.692027
0.116911 0.688632
0.117078 0.685229
0.117245 0.681816
0.117412 0.678394
0.117578 0.674964
0.117745 0.671525
0.117912 0.668077
0.118079 0.664621
0.118245 0.661157
0.118412 0.657685
0.118579 0.654205
0.118746 0.650717
0.118913 0.647222
0.119079 0.643719
0.119246 0.640209
0.119413 0.636691
0.119580 0.633167
0.119746 0.629635
0.119913 0.626097
0.120080 0.622553
0.120247 0.619002
0.120414 0.615444
0.120580 0.611881
0.120747 0.608312
0.120914 0.604736
0.121081 0.601156
0.121247 0.597569
0.121414 0.593978
0.121581 0.590381
0.121748 0.586779
0.121915 0.583172
0.122081 0.579561
0.122248 0.575945
0.122415 0.572324
0.122582 0.568699
0.122748 0.565071
0.122915 0.561438
0.123082 0.557802
0.123249 0.554161
0.123416 0.550518
0.123582 0.546871
0.123749 0.543221
0.123916 0.539568
0.124083 0.535913
0.124249 0.532254
0.124416 0.528594
0.124583 0.524930
0.124750 0.521265
0.124917 0.517598
0.125083 0.513929
0.125250 0.510258
0.125417 0.506586
0.125584 0.502912
0.125751 0.499237
0.125917 0.495561
0.126084 0.491885
0.126251 0.488207
0.126418 0.484530
0.126584 0.480851
0.126751 0.477173
0.126918 0.473495
0.127085 0.469816
0.127252 0.466138
0.127418 0.462461
0.127585 0.458784
0.127752 0.455108
0.127919 0.451433
0.128085 0.447759
0.128252 0.444086
0.128419 0.440414
0.128586 0.436745
0.128753 0.433077
0.128919 0.429411
0.129086 0.425747
0.129253 0.422085
0.129420 0.418426
0.129586 0.414770
0.129753 0.411116
0.129920 0.407465
0.130087 0.403817
0.130254 0.400173
0.130420 0.396532
0.130587 0.392894
0.130754 0.389260
0.130921 0.385630
0.131087 0.382004
0.131254 0.378383
0.131421 0.374765
0.131588 0.371153
0.131755 0.367545
0.131921 0.363942
0.132088 0.360343
0.132255 0.356750
0.132422 0.353163
0.132588 0.349581
0.132755 0.346004
0.132922 0.342434
0.133089 0.338869
0.133256 0.335310
0.133422 0.331758
0.133589 0.328212
0.133756 0.324673
0.133923 0.321140
0.134089 0.317615
0.134256 0.314096
0.134423 0.310585
0.134590 0.307081
0.134757 0.303585
0.134923 0.300096
0.135090 0.296615
0.135257 0.293142
0.135424 0.289677
0.135590 0.286221
0.135757 0.282772
0.135924 0.279333
0.136091 0.275902
0.136258 0.272480
0.136424 0.269067
0.136591 0.265663
0.136758 0.262269
0.136925 0.258884
0.137091 0.255508
0.137258 0.252142
0.137425 0.248786
0.137592 0.245441
0.137759 0.242105
0.137925 0.238779
0.138092 0.235464
0.138259 0.232160
0.138426 0.228866
0.138592 0.225583
0.138759 0.222312
0.138926 0.219051
0.139093 0.215801
0.139260 0.212563
0.139426 0.209337
0.139593 0.206122
0.139760 0.202919
0.139927 0.199727
0.140093 0.196548
0.140260 0.193381
0.140427 0.190226
0.140594 0.187084
0.140761 0.183954
0.140927 0.180837
0.141094 0.177733
0.141261 0.174641
0.141428 0.171563
0.141594 0.168498
0.141761 0.165446
0.141928 0.162408
0.142095 0.159383
0.142262 0.156371
0.142428 0.153374
0.142595 0.150390
0.142762 0.147420
0.142929 0.144464
0.143095 0.141523
0.143262 0.138596
0.143429 0.135683
0.143596 0.132785
0.143763 0.129901
0.143929 0.127032
0.144096 0.124178
0.144263 0.121339
0.144430 0.118515
0.144596 0.115707
0.144763 0.112913
0.144930 0.110135
0.145097 0.107372
0.145264 0.104625
0.145430 0.101893
0.145597 0.099177
0.145764 0.096477
0.145931 0.093793
0.146097 0.091125
0.146264 0.088473
0.146431 0.085837
0.146598 0.083218
0.146765 0.080615
0.146931 0.078028
0.147098 0.075458
0.147265 0.072904
0.147432 0.070367
0.147598 0.067847
0.147765 0.065344
0.147932 0.062858
0.148099 0.060388
0.148266 0.057936
0.148432 0.055501
0.148599 0.053083
0.148766 0.050683
0.148933 0.048299
0.149099 0.045934
0.149266 0.043585
0.149433 0.041255
0.149600 0.038942
0.149767 0.036646
0.149933 0.034369
0.150100 0.032109
0.150267 0.029867
0.150434 0.027643
0.150600 0.025437
0.150767 0.023249
0.150934 0.021079
0.151101 0.018928
0.151268 0.016794
0.151434 0.014679
0.151601 0.012582
0.151768 0.010504
0.151935 0.008444
0.152101 0.006402
0.152268 0.004379
0.152435 0.002374
0.152602 0.000388
0.152769 -0.001580
0.152935 -0.003529
0.153102 -0.005459
0.153269 -0.007371
0.153436 -0.009263
0.153602 -0.011137
0.153769 -0.012993
0.153936 -0.014829
0.154103 -0.016647
0.154270 -0.018445
0.154436 -0.020225
0.154603 -0.021986
0.154770 -0.023728
0.154937 -0.025450
0.155103 -0.027154
0.155270 -0.028839
0.155437 -0.030505
0.155604 -0.032152
0.155771 -0.033779
0.155937 -0.035388
0.156104 -0.036977
0.156271 -0.038548
0.156438 -0.040099
0.156604 -0.041631
0.156771 -0.043144
0.156938 -0.044638
0.157105 -0.046113
0.157272 -0.047569
0.157438 -0.049005
0.157605 -0.050423
0.157772 -0.051821
0.157939 -0.053200
0.158105 -0.054560
0.158272 -0.055901
0.158439 -0.057223
0.158606 -0.058526
0.158773 -0.059809
0.158939 -0.061074
0.159106 -0.062319
0.159273 -0.063546
0.159440 -0.064753
0.159606 -0.065942
0.159773 -0.067111
0.159940 -0.068262
0.160107 -0.069393
0.160274 -0.070506
0.160440 -0.071599
0.160607 -0.072674
0.160774 -0.073730
0.160941 -0.074767
0.161107 -0.075786
0.161274 -0.076785
0.161441 -0.077766
0.161608 -0.078728
0.161775 -0.079672
0.161941 -0.080597
0.162108 -0.081503
0.162275 -0.082391
0.162442 -0.083260
0.162608 -0.084111
0.162775 -0.084943
0.162942 -0.085757
0.163109 -0.086552
0.163276 -0.087330
0.163442 -0.088089
0.163609 -0.088829
0.163776 -0.089552
0.163943 -0.090257
0.164109 -0.090943
0.164276 -0.091612
0.164443 -0.092262
0.164610 -0.092895
0.164777 -0.093510
0.164943 -0.094107
0.165110 -0.094686
0.165277 -0.095248
0.165444 -0.095792
0.165610 -0.096318
0.165777 -0.096828
0.165944 -0.097319
0.166111 -0.097794
0.166278 -0.098251
0.166444 -0.098691
0.166611 -0.099113
0.166778 -0.099519
0.166945 -0.099908
0.167111 -0.100279
0.167278 -0.100634
0.167445 -0.100973
0.167612 -0.101294
0.167779 -0.101599
0.167945 -0.101887
0.168112 -0.102159
0.168279 -0.102414
0.168446 -0.102654
0.168612 -0.102877
0.168779 -0.103083
0.168946 -0.103274
0.169113 -0.103449
0.169280 -0.103608
0.169446 -0.103751
0.169613 -0.103878
0.169780 -0.103990
0.169947 -0.104086
0.170113 -0.104167
0.170280 -0.104233
0.170447 -0.104283
0.170614 -0.104318
0.170781 -0.104338
0.170947 -0.104343
0.171114 -0.104333
0.171281 -0.104308
0.171448 -0.104269
0.171614 -0.104215
0.171781 -0.104147
0.171948 -0.104064
0.172115 -0.103967
0.172282 -0.103856
0.172448 -0.103730
0.172615 -0.103591
0.172782 -0.103438
0.172949 -0.103271
0.173115 -0.103090
0.173282 -0.102896
0.173449 -0.102689
0.173616 -0.102468
0.173783 -0.102234
0.173949 -0.101986
0.174116 -0.101726
0.174283 -0.101453
0.174450 -0.101167
0.174616 -0.100868
0.174783 -0.100557
0.174950 -0.100233
0.175117 -0.099897
0.175284 -0.099549
0.175450 -0.099189
0.175617 -0.098816
0.175784 -0.098432
0.175951 -0.098036
0.176117 -0.097629
0.176284 -0.097210
0.176451 -0.096779
0.176618 -0.096337
0.176785 -0.095884
0.176951 -0.095420
0.177118 -0.094945
0.177285 -0.094459
0.177452 -0.093963
0.177618 -0.093456
0.177785 -0.092938
0.177952 -0.092410
0.178119 -0.091872
0.178286 -0.091324
0.178452 -0.090766
0.178619 -0.090199
0.178786 -0.089621
0.178953 -0.089034
0.179119 -0.088437
0.179286 -0.087831
0.179453 -0.087216
0.179620 -0.086592
0.179787 -0.085959
0.179953 -0.085317
0.180120 -0.084666
0.180287 -0.084007
0.180454 -0.083339
0.180620 -0.082664
0.180787 -0.081979
0.180954 -0.081287
0.181121 -0.080587
0.181288 -0.079879
0.181454 -0.079164
0.181621 -0.078440
0.181788 -0.077710
0.181955 -0.076972
0.182121 -0.076227
0.182288 -0.075475
0.182455 -0.074716
0.182622 -0.073951
0.182789 -0.073178
0.182955 -0.072400
0.183122 -0.071614
0.183289 -0.070823
0.183456 -0.070025
0.183622 -0.069222
0.183789 -0.068413
0.183956 -0.067598
0.184123 -0.066777
0.184290 -0.065951
0.184456 -0.065119
0.184623 -0.064283
0.184790 -0.063441
0.184957 -0.062594
0.185123 -0.061743
0.185290 -0.060886
0.185457 -0.060026
0.185624 -0.059161
0.185791 -0.058291
0.185957 -0.057417
0.186124 -0.056540
0.186291 -0.055658
0.186458 -0.054773
0.186624 -0.053884
0.186791 -0.052991
0.186958 -0.052095
0.187125 -0.051196
0.187292 -0.050294
0.187458 -0.049389
0.187625 -0.048480
0.187792 -0.047569
0.187959 -0.046656
0.188125 -0.045740
0.188292 -0.044821
0.188459 -0.043900
0.188626 -0.042977
0.188793 -0.042052
0.188959 -0.041126
0.189126 -0.040197
0.189293 -0.039267
0.189460 -0.038335
0.189626 -0.037402
0.189793 -0.036468
0.189960 -0.035533
0.190127 -0.034596
0.190294 -0.033659
0.190460 -0.032721
0.190627 -0.031782
0.190794 -0.030842
0.190961 -0.029903
0.191127 -0.028963
0.191294 -0.028022
0.191461 -0.027082
0.191628 -0.026142
0.191795 -0.025202
0.191961 -0.024262
0.192128 -0.023323
0.192295 -0.022384
0.192462 -0.021446
0.192628 -0.020509
0.192795 -0.019572
0.192962 -0.018637
0.193129 -0.017702
0.193296 -0.016769
0.193462 -0.015837
0.193629 -0.014907
0.193796 -0.013978
0.193963 -0.013050
0.194129 -0.012125
0.194296 -0.011201
0.194463 -0.010280
0.194630 -0.009360
0.194797 -0.008443
0.194963 -0.007528
0.195130 -0.006615
0.195297 -0.005705
0.195464 -0.004797
0.195630 -0.003893
0.195797 -0.002991
0.195964 -0.002092
0.196131 -0.001196
0.196298 -0.000303
0.196464 0.000587
0.196631 0.001473
0.196798 0.002356
0.196965 0.003236
0.197131 0.004112
0.197298 0.004984
0.197465 0.005852
0.197632 0.006717
0.197799 0.007577
0.197965 0.008433
0.198132 0.009286
0.198299 0.010134
0.198466 0.010977
0.198632 0.011816
0.198799 0.012651
0.198966 0.013481
0.199133 0.014306
0.199300 0.015127
0.199466 0.015942
0.199633 0.016753
0.199800 0.017559
0.199967 0.018359
0.200133 0.019154
0.200300 0.019944
0.200467 0.020729
0.200634 0.021508
0.200801 0.022282
0.200967 0.023050
0.201134 0.023813
0.201301 0.024569
0.201468 0.025320
0.201634 0.026065
0.201801 0.026804
0.201968 0.027537
0.202135 0.028264
0.202302 0.028985
0.202468 0.029699
0.202635 0.030407
0.202802 0.031109
0.202969 0.031805
0.203135 0.032493
0.203302 0.033176
0.203469 0.033851
0.203636 0.034520
0.203803 0.035183
0.203969 0.035838
0.204136 0.036487
0.204303 0.037128
0.204470 0.037763
0.204636 0.038390
0.204803 0.039011
0.204970 0.039624
0.205137 0.040231
0.205304 0.040829
0.205470 0.041421
0.205637 0.042005
0.205804 0.042582
0.205971 0.043152
0.206137 0.043714
0.206304 0.044268
0.206471 0.044815
0.206638 0.045354
0.206805 0.045886
0.206971 0.046410
0.207138 0.046926
0.207305 0.047434
0.207472 0.047935
0.207638 0.048428
0.207805 0.048913
0.207972 0.049390
0.208139 0.049859
0.208306 0.050320
0.208472 0.050773
0.208639 0.051217
0.208806 0.051654
0.208973 0.052083
0.209139 0.052504
0.209306 0.052916
0.209473 0.053320
0.209640 0.053716
0.209807 0.054104
0.209973 0.054484
0.210140 0.054855
0.210307 0.055218
0.210474 0.055573
0.210640 0.055919
0.210807 0.056257
0.210974 0.056587
0.211141 0.056908
0.211308 0.057221
0.211474 0.057525
0.211641 0.057821
0.211808 0.058109
0.211975 0.058388
0.212141 0.058659
0.212308 0.058921
0.212475 0.059175
0.212642 0.059420
0.212809 0.059657
0.212975 0.059886
0.213142 0.060106
0.213309 0.060317
0.213476 0.060520
0.213642 0.060715
0.213809 0.060901
0.213976 0.061078
0.214143 0.061247
0.214310 0.061408
0.214476 0.061560
0.214643 0.061704
0.214810 0.061839
0.214977 0.061966
0.215143 0.062085
0.215310 0.062195
0.215477 0.062296
0.215644 0.062389
0.215811 0.062474
0.215977 0.062551
0.216144 0.062619
0.216311 0.062679
0.216478 0.062730
0.216644 0.062773
0.216811 0.062808
0.216978 0.062835
0.217145 0.062853
0.217312 0.062863
0.217478 0.062865
0.217645 0.062859
0.217812 0.062845
0.217979 0.062822
0.218145 0.062792
0.218312 0.062753
0.218479 0.062707
0.218646 0.062652
0.218813 0.062589
0.218979 0.062519
0.219146 0.062440
0.219313 0.062354
0.219480 0.062259
0.219646 0.062157
0.219813 0.062047
0.219980 0.061930
0.220147 0.061804
0.220314 0.061671
0.220480 0.061531
0.220647 0.061382
0.220814 0.061227
0.220981 0.061063
0.221147 0.060892
0.221314 0.060714
0.221481 0.060529
0.221648 0.060336
0.221815 0.060135
0.221981 0.059928
0.222148 0.059713
0.222315 0.059491
0.222482 0.059262
0.222648 0.059026
0.222815 0.058783
0.222982 0.058532
0.223149 0.058275
0.223316 0.058011
0.223482 0.057741
0.223649 0.057463
0.223816 0.057179
0.223983 0.056888
0.224149 0.056590
0.224316 0.056286
0.224483 0.055976
0.224650 0.055658
0.224817 0.055335
0.224983 0.055005
0.225150 0.054669
0.225317 0.054327
0.225484 0.053978
0.225650 0.053624
0.225817 0.053263
0.225984 0.052897
0.226151 0.052524
0.226318 0.052146
0.226484 0.051762
0.226651 0.051372
0.226818 0.050977
0.226985 0.050576
0.227151 0.050169
0.227318 0.049757
0.227485 0.049339
0.227652 0.048916
0.227819 0.048488
0.227985 0.048055
0.228152 0.047616
0.228319 0.047173
0.228486 0.046724
0.228652 0.046271
0.228819 0.045812
0.228986 0.045349
0.229153 0.044881
0.229320 0.044409
0.229486 0.043932
0.229653 0.043450
0.229820 0.042964
0.229987 0.042473
0.230153 0.041978
0.230320 0.041479
0.230487 0.040976
0.230654 0.040469
0.230821 0.039958
0.230987 0.039442
0.231154 0.038923
0.231321 0.038400
0.231488 0.037874
0.231654 0.037344
0.231821 0.036810
0.231988 0.036272
0.232155 0.035732
0.232322 0.035188
0.232488 0.034640
0.232655 0.034090
0.232822 0.033536
0.232989 0.032979
0.233155 0.032420
0.233322 0.031857
0.233489 0.031292
0.233656 0.030724
0.233823 0.030153
0.233989 0.029580
0.234156 0.029004
0.234323 0.028426
0.234490 0.027845
0.234656 0.027263
0.234823 0.026678
0.234990 0.026090
0.235157 0.025501
0.235324 0.024910
0.235490 0.024317
0.235657 0.023722
0.235824 0.023126
0.235991 0.022528
0.236157 0.021928
0.236324 0.021327
0.236491 0.020724
0.236658 0.020120
0.236825 0.019515
0.236991 0.018909
0.237158 0.018301
0.237325 0.017693
0.237492 0.017084
0.237658 0.016473
0.237825 0.015862
0.237992 0.015250
0.238159 0.014638
0.238326 0.014025
0.238492 0.013412
0.238659 0.012798
0.238826 0.012184
0.238993 0.011569
0.239159 0.010955
0.239326 0.010340
0.239493 0.009726
0.239660 0.009111
0.239827 0.008497
0.239993 0.007883
0.240160 0.007269
0.240327 0.006655
0.240494 0.006042
0.240660 0.005429
0.240827 0.004817
0.240994 0.004206
0.241161 0.003596
0.241328 0.002986
0.241494 0.002377
0.241661 0.001769
0.241828 0.001162
0.241995 0.000557
0.242161 -0.000048
0.242328 -0.000651
0.242495 -0.001253
0.242662 -0.001854
0.242829 -0.002453
0.242995 -0.003050
0.243162 -0.003646
0.243329 -0.004241
0.243496 -0.004833
0.243662 -0.005424
0.243829 -0.006013
0.243996 -0.006599
0.244163 -0.007184
0.244330 -0.007767
0.244496 -0.008347
0.244663 -0.008926
0.244830 -0.009502
0.244997 -0.010075
0.245163 -0.010646
0.245330 -0.011215
0.245497 -0.011781
0.245664 -0.012344
0.245831 -0.012905
0.245997 -0.013463
0.246164 -0.014018
0.246331 -0.014571
0.246498 -0.015120
0.246664 -0.015666
0.246831 -0.016209
0.246998 -0.016750
0.247165 -0.017286
0.247332 -0.017820
0.247498 -0.018350
0.247665 -0.018877
0.247832 -0.019401
0.247999 -0.019921
0.248165 -0.020437
0.248332 -0.020950
0.248499 -0.021459
0.248666 -0.021965
0.248833 -0.022467
0.248999 -0.022965
0.249166 -0.023459
0.249333 -0.023949
0.249500 -0.024435
0.249666 -0.024917
0.249833 -0.025395
0.250000 -0.025869
