0.000000 0.995198
0.000167 0.995265
0.000334 0.995465
0.000500 0.995793
0.000667 0.996238
0.000834 0.996789
0.001001 0.997430
0.001167 0.998143
0.001334 0.998908
0.001501 0.999704
0.001668 1.000508
0.001835 1.001299
0.002001 1.002052
0.002168 1.002748
0.002335 1.003368
0.002502 1.003892
0.002668 1.004308
0.002835 1.004603
0.003002 1.004769
0.003169 1.004801
0.003336 1.004698
0.003502 1.004464
0.003669 1.004104
0.003836 1.003629
0.004003 1.003052
0.004169 1.002390
0.004336 1.001660
0.004503 1.000884
0.004670 1.000083
0.004837 0.999279
0.005003 0.998495
0.005170 0.997753
0.005337 0.997075
0.005504 0.996478
0.005670 0.995979
0.005837 0.995594
0.006004 0.995332
0.006171 0.995200
0.006338 0.995204
0.006504 0.995342
0.006671 0.995610
0.006838 0.996002
0.007005 0.996506
0.007171 0.997109
0.007338 0.997792
0.007505 0.998538
0.007672 0.999325
0.007839 1.000131
0.008005 1.000934
0.008172 1.001711
0.008339 1.002440
0.008506 1.003101
0.008672 1.003676
0.008839 1.004147
0.009006 1.004502
0.009173 1.004731
0.009340 1.004828
0.009506 1.004789
0.009673 1.004615
0.009840 1.004313
0.010007 1.003888
0.010173 1.003355
0.010340 1.002727
0.010507 1.002023
0.010674 1.001261
0.010841 1.000464
0.011007 0.999653
0.011174 0.998852
0.011341 0.998082
0.011508 0.997366
0.011674 0.996723
0.011841 0.996172
0.012008 0.995728
0.012175 0.995404
0.012342 0.995208
0.012508 0.995147
0.012675 0.995222
0.012842 0.995431
0.013009 0.995768
0.013175 0.996224
0.013342 0.996787
0.013509 0.997440
0.013676 0.998165
0.013843 0.998942
0.014009 0.999749
0.014176 1.000564
0.014343 1.001364
0.014510 1.002126
0.014676 1.002828
0.014843 1.003452
0.015010 1.003979
0.015177 1.004395
0.015344 1.004688
0.015510 1.004850
0.015677 1.004876
0.015844 1.004765
0.016011 1.004520
0.016177 1.004148
0.016344 1.003659
0.016511 1.003068
0.016678 1.002390
0.016845 1.001644
0.017011 1.000852
0.017178 1.000035
0.017345 0.999216
0.017512 0.998419
0.017678 0.997666
0.017845 0.996977
0.018012 0.996373
0.018179 0.995870
0.018346 0.995482
0.018512 0.995221
0.018679 0.995094
0.018846 0.995104
0.019013 0.995252
0.019179 0.995533
0.019346 0.995940
0.019513 0.996461
0.019680 0.997082
0.019847 0.997785
0.020013 0.998551
0.020180 0.999358
0.020347 1.000185
0.020514 1.001006
0.020680 1.001801
0.020847 1.002545
0.021014 1.003219
0.021181 1.003803
0.021348 1.004281
0.021514 1.004640
0.021681 1.004868
0.021848 1.004960
0.022015 1.004913
0.022181 1.004728
0.022348 1.004410
0.022515 1.003968
0.022682 1.003415
0.022849 1.002764
0.023015 1.002036
0.023182 1.001250
0.023349 1.000427
0.023516 0.999592
0.023682 0.998768
0.023849 0.997977
0.024016 0.997242
0.024183 0.996583
0.024350 0.996020
0.024516 0.995568
0.024683 0.995239
0.024850 0.995044
0.025017 0.994988
0.025183 0.995072
0.025350 0.995295
0.025517 0.995650
0.025684 0.996128
0.025851 0.996714
0.026017 0.997394
0.026184 0.998148
0.026351 0.998955
0.026518 0.999792
0.026684 1.000636
0.026851 1.001463
0.027018 1.002250
0.027185 1.002975
0.027352 1.003617
0.027518 1.004159
0.027685 1.004584
0.027852 1.004882
0.028019 1.005043
0.028185 1.005062
0.028352 1.004940
0.028519 1.004679
0.028686 1.004286
0.028853 1.003772
0.029019 1.003151
0.029186 1.002442
0.029353 1.001662
0.029520 1.000835
0.029686 0.999984
0.029853 0.999132
0.030020 0.998302
0.030187 0.997520
0.030354 0.996805
0.030520 0.996180
0.030687 0.995661
0.030854 0.995262
0.031021 0.994997
0.031187 0.994871
0.031354 0.994889
0.031521 0.995051
0.031688 0.995351
0.031855 0.995783
0.032021 0.996334
0.032188 0.996988
0.032355 0.997728
0.032522 0.998533
0.032688 0.999381
0.032855 1.000247
0.033022 1.001107
0.033189 1.001938
0.033356 1.002716
0.033522 1.003419
0.033689 1.004027
0.033856 1.004523
0.034023 1.004892
0.034189 1.005125
0.034356 1.005215
0.034523 1.005158
0.034690 1.004956
0.034857 1.004615
0.035023 1.004144
0.035190 1.003556
0.035357 1.002866
0.035524 1.002095
0.035690 1.001264
0.035857 1.000396
0.036024 0.999516
0.036191 0.998647
0.036358 0.997815
0.036524 0.997043
0.036691 0.996352
0.036858 0.995762
0.037025 0.995291
0.037191 0.994951
0.037358 0.994752
0.037525 0.994700
0.037692 0.994796
0.037859 0.995039
0.038025 0.995422
0.038192 0.995934
0.038359 0.996561
0.038526 0.997286
0.038692 0.998088
0.038859 0.998946
0.039026 0.999835
0.039193 1.000730
0.039360 1.001606
0.039526 1.002440
0.039693 1.003206
0.039860 1.003884
0.040027 1.004454
0.040193 1.004900
0.040360 1.005209
0.040527 1.005373
0.040694 1.005386
0.040861 1.005248
0.041027 1.004963
0.041194 1.004537
0.041361 1.003983
0.041528 1.003316
0.041694 1.002555
0.041861 1.001720
0.042028 1.000836
0.042195 0.999925
0.042362 0.999015
0.042528 0.998131
0.042695 0.997298
0.042862 0.996538
0.043029 0.995874
0.043195 0.995324
0.043362 0.994905
0.043529 0.994627
0.043696 0.994500
0.043863 0.994527
0.044029 0.994708
0.044196 0.995038
0.044363 0.995508
0.044530 0.996105
0.044696 0.996813
0.044863 0.997612
0.045030 0.998480
0.045197 0.999393
0.045364 1.000324
0.045530 1.001249
0.045697 1.002141
0.045864 1.002975
0.046031 1.003728
0.046197 1.004377
0.046364 1.004905
0.046531 1.005297
0.046698 1.005540
0.046865 1.005629
0.047031 1.005560
0.047198 1.005334
0.047365 1.004958
0.047532 1.004442
0.047698 1.003800
0.047865 1.003050
0.048032 1.002212
0.048199 1.001310
0.048366 1.000368
0.048532 0.999414
0.048699 0.998474
0.048866 0.997575
0.049033 0.996741
0.049199 0.995996
0.049366 0.995363
0.049533 0.994857
0.049700 0.994495
0.049867 0.994287
0.050033 0.994238
0.050200 0.994352
0.050367 0.994624
0.050534 0.995048
0.050700 0.995612
0.050867 0.996301
0.051034 0.997096
0.051201 0.997974
0.051368 0.998912
0.051534 0.999883
0.051701 1.000860
0.051868 1.001816
0.052035 1.002723
0.052201 1.003556
0.052368 1.004292
0.052535 1.004909
0.052702 1.005390
0.052869 1.005721
0.053035 1.005892
0.053202 1.005899
0.053369 1.005739
0.053536 1.005418
0.053702 1.004944
0.053869 1.004329
0.054036 1.003591
0.054203 1.002750
0.054370 1.001829
0.054536 1.000854
0.054703 0.999852
0.054870 0.998851
0.055037 0.997879
0.055203 0.996965
0.055370 0.996132
0.055537 0.995406
0.055704 0.994806
0.055871 0.994351
0.056037 0.994053
0.056204 0.993921
0.056371 0.993959
0.056538 0.994168
0.056704 0.994541
0.056871 0.995068
0.057038 0.995736
0.057205 0.996526
0.057372 0.997415
0.057538 0.998381
0.057705 0.999395
0.057872 1.000429
0.058039 1.001455
0.058205 1.002443
0.058372 1.003366
0.058539 1.004197
0.058706 1.004913
0.058873 1.005494
0.059039 1.005922
0.059206 1.006185
0.059373 1.006275
0.059540 1.006189
0.059706 1.005929
0.059873 1.005501
0.060040 1.004917
0.060207 1.004193
0.060374 1.003349
0.060540 1.002408
0.060707 1.001395
0.060874 1.000340
0.061041 0.999271
0.061207 0.998220
0.061374 0.997214
0.061541 0.996283
0.061708 0.995453
0.061875 0.994748
0.062041 0.994189
0.062208 0.993790
0.062375 0.993564
0.062542 0.993519
0.062708 0.993655
0.062875 0.993971
0.063042 0.994457
0.063209 0.995100
0.063376 0.995884
0.063542 0.996787
0.063709 0.997783
0.063876 0.998845
0.064043 0.999944
0.064209 1.001049
0.064376 1.002129
0.064543 1.003152
0.064710 1.004092
0.064877 1.004920
0.065043 1.005612
0.065210 1.006150
0.065377 1.006517
0.065544 1.006703
0.065710 1.006700
0.065877 1.006510
0.066044 1.006135
0.066211 1.005586
0.066378 1.004879
0.066544 1.004031
0.066711 1.003066
0.066878 1.002011
0.067045 1.000895
0.067211 0.999749
0.067378 0.998606
0.067545 0.997497
0.067712 0.996453
0.067879 0.995505
0.068045 0.994679
0.068212 0.994000
0.068379 0.993486
0.068546 0.993153
0.068712 0.993011
0.068879 0.993065
0.069046 0.993315
0.069213 0.993753
0.069380 0.994369
0.069546 0.995146
0.069713 0.996063
0.069880 0.997095
0.070047 0.998214
0.070213 0.999387
0.070380 1.000583
0.070547 1.001769
0.070714 1.002909
0.070881 1.003974
0.071047 1.004931
0.071214 1.005755
0.071381 1.006420
0.071548 1.006908
0.071714 1.007203
0.071881 1.007298
0.072048 1.007188
0.072215 1.006875
0.072382 1.006367
0.072548 1.005678
0.072715 1.004825
0.072882 1.003833
0.073049 1.002728
0.073215 1.001541
0.073382 1.000304
0.073549 0.999053
0.073716 0.997823
0.073883 0.996647
0.074049 0.995560
0.074216 0.994592
0.074383 0.993772
0.074550 0.993123
0.074716 0.992663
0.074883 0.992408
0.075050 0.992365
0.075217 0.992537
0.075384 0.992920
0.075550 0.993503
0.075717 0.994273
0.075884 0.995208
0.076051 0.996283
0.076217 0.997468
0.076384 0.998730
0.076551 1.000036
0.076718 1.001347
0.076885 1.002627
0.077051 1.003841
0.077218 1.004953
0.077385 1.005932
0.077552 1.006749
0.077718 1.007381
0.077885 1.007809
0.078052 1.008019
0.078219 1.008005
0.078386 1.007766
0.078552 1.007306
0.078719 1.006638
0.078886 1.005780
0.079053 1.004754
0.079219 1.003588
0.079386 1.002314
0.079553 1.000968
0.079720 0.999586
0.079887 0.998208
0.080053 0.996872
0.080220 0.995616
0.080387 0.994476
0.080554 0.993485
0.080720 0.992671
0.080887 0.992059
0.081054 0.991666
0.081221 0.991506
0.081388 0.991583
0.081554 0.991898
0.081721 0.992444
0.081888 0.993205
0.082055 0.994163
0.082221 0.995291
0.082388 0.996559
0.082555 0.997932
0.082722 0.999372
0.082889 1.000839
0.083055 1.002292
0.083222 1.003690
0.083389 1.004993
0.083556 1.006165
0.083722 1.007170
0.083889 1.007980
0.084056 1.008571
0.084223 1.008924
0.084390 1.009029
0.084556 1.008880
0.084723 1.008479
0.084890 1.007837
0.085057 1.006970
0.085223 1.005900
0.085390 1.004657
0.085557 1.003273
0.085724 1.001788
0.085891 1.000242
0.086057 0.998677
0.086224 0.997139
0.086391 0.995670
0.086558 0.994313
0.086724 0.993106
0.086891 0.992084
0.087058 0.991278
0.087225 0.990712
0.087392 0.990403
0.087558 0.990362
0.087725 0.990593
0.087892 0.991091
0.088059 0.991843
0.088225 0.992832
0.088392 0.994030
0.088559 0.995405
0.088726 0.996921
0.088893 0.998536
0.089059 1.000204
0.089226 1.001880
0.089393 1.003517
0.089560 1.005067
0.089726 1.006487
0.089893 1.007736
0.090060 1.008777
0.090227 1.009579
0.090394 1.010117
0.090560 1.010375
0.090727 1.010342
0.090894 1.010017
0.091061 1.009406
0.091227 1.008526
0.091394 1.007397
0.091561 1.006050
0.091728 1.004520
0.091895 1.002850
0.092061 1.001084
0.092228 0.999273
0.092395 0.997466
0.092562 0.995714
0.092728 0.994067
0.092895 0.992573
0.093062 0.991275
0.093229 0.990212
0.093396 0.989414
0.093562 0.988909
0.093729 0.988711
0.093896 0.988831
0.094063 0.989266
0.094229 0.990009
0.094396 0.991041
0.094563 0.992336
0.094730 0.993860
0.094897 0.995572
0.095063 0.997426
0.095230 0.999371
0.095397 1.001353
0.095564 1.003317
0.095730 1.005206
0.095897 1.006968
0.096064 1.008551
0.096231 1.009908
0.096398 1.011000
0.096564 1.011792
0.096731 1.012260
0.096898 1.012386
0.097065 1.012163
0.097231 1.011594
0.097398 1.010691
0.097565 1.009477
0.097732 1.007981
0.097899 1.006243
0.098065 1.004310
0.098232 1.002233
0.098399 1.000070
0.098566 0.997880
0.098732 0.995726
0.098899 0.993667
0.099066 0.991764
0.099233 0.990072
0.099400 0.988640
0.099566 0.987513
0.099733 0.986726
0.099900 0.986305
0.100067 0.986267
0.100233 0.986616
0.100400 0.987349
0.100567 0.988449
0.100734 0.989889
0.100901 0.991634
0.101067 0.993637
0.101234 0.995846
0.101401 0.998201
0.101568 1.000638
0.101734 1.003088
0.101901 1.005483
0.102068 1.007754
0.102235 1.009836
0.102402 1.011667
0.102568 1.013193
0.102735 1.014365
0.102902 1.015147
0.103069 1.015510
0.103235 1.015439
0.103402 1.014928
0.103569 1.013988
0.103736 1.012637
0.103903 1.010908
0.104069 1.008844
0.104236 1.006499
0.104403 1.003935
0.104570 1.001221
0.104736 0.998430
0.104903 0.995642
0.105070 0.992934
0.105237 0.990385
0.105404 0.988069
0.105570 0.986055
0.105737 0.984405
0.105904 0.983171
0.106071 0.982395
0.106237 0.982107
0.106404 0.982322
0.106571 0.983044
0.106738 0.984260
0.106905 0.985945
0.107071 0.988058
0.107238 0.990548
0.107405 0.993351
0.107572 0.996393
0.107738 0.999593
0.107905 1.002862
0.108072 1.006110
0.108239 1.009244
0.108406 1.012173
0.108572 1.014812
0.108739 1.017078
0.108906 1.018902
0.109073 1.020222
0.109239 1.020992
0.109406 1.021178
0.109573 1.020763
0.109740 1.019748
0.109907 1.018147
0.110073 1.015994
0.110240 1.013339
0.110407 1.010245
0.110574 1.006791
0.110740 1.003068
0.110907 0.999173
0.111074 0.995214
0.111241 0.991302
0.111408 0.987548
0.111574 0.984064
0.111741 0.980953
0.111908 0.978314
0.112075 0.976232
0.112241 0.974781
0.112408 0.974018
0.112575 0.973982
0.112742 0.974693
0.112909 0.976149
0.113075 0.978330
0.113242 0.981194
0.113409 0.984677
0.113576 0.988697
0.113742 0.993157
0.113909 0.997940
0.114076 1.002922
0.114243 1.007966
0.114410 1.012930
0.114576 1.017671
0.114743 1.022046
0.114910 1.025921
0.115077 1.029167
0.115243 1.031673
0.115410 1.033342
0.115577 1.034098
0.115744 1.033888
0.115911 1.032684
0.116077 1.030485
0.116244 1.027317
0.116411 1.023235
0.116578 1.018319
0.116744 1.012679
0.116911 1.006446
0.117078 0.999775
0.117245 0.992839
0.117412 0.985825
0.117578 0.978930
0.117745 0.972357
0.117912 0.966309
0.118079 0.960983
0.118245 0.956568
0.118412 0.953234
0.118579 0.951132
0.118746 0.950384
0.118913 0.951085
0.119079 0.953292
0.119246 0.957027
0.119413 0.962270
0.119580 0.968960
0.119746 0.976992
0.119913 0.986219
0.120080 0.996452
0.120247 1.007463
0.120414 1.018988
0.120580 1.030729
0.120747 1.042362
0.120914 1.053539
0.121081 1.063897
0.121247 1.073063
0.121414 1.080661
0.121581 1.086322
0.121748 1.089688
0.121915 1.090419
0.122081 1.088206
0.122248 1.082769
0.122415 1.073872
0.122582 1.061323
0.122748 1.044979
0.122915 1.024754
0.123082 1.000617
0.123249 0.972596
0.123416 0.940782
0.123582 0.905323
0.123749 0.866425
0.123916 0.824350
0.124083 0.779411
0.124249 0.731969
0.124416 0.682426
0.124583 0.631218
0.124750 0.578809
0.124917 0.525683
0.125083 0.472335
0.125250 0.419264
0.125417 0.366964
0.125584 0.315917
0.125751 0.266581
0.125917 0.219387
0.126084 0.174730
0.126251 0.132962
0.126418 0.094388
0.126584 0.059261
0.126751 0.027779
0.126918 0.000079
0.127085 -0.023757
0.127252 -0.043709
0.127418 -0.059815
0.127585 -0.072169
0.127752 -0.080918
0.127919 -0.086259
0.128085 -0.088431
0.128252 -0.087714
0.128419 -0.084419
0.128586 -0.078881
0.128753 -0.071456
0.128919 -0.062509
0.129086 -0.052408
0.129253 -0.041520
0.129420 -0.030200
0.129586 -0.018786
0.129753 -0.007595
0.129920 0.003087
0.130087 0.013003
0.130254 0.021935
0.130420 0.029702
0.130587 0.036165
0.130754 0.041224
0.130921 0.044825
0.131087 0.046951
0.131254 0.047625
0.131421 0.046907
0.131588 0.044888
0.131755 0.041691
0.131921 0.037462
0.132088 0.032366
0.132255 0.026585
0.132422 0.020308
0.132588 0.013731
0.132755 0.007047
0.132922 0.000444
0.133089 -0.005899
0.133256 -0.011820
0.133422 -0.017172
0.133589 -0.021832
0.133756 -0.025698
0.133923 -0.028695
0.134089 -0.030773
0.134256 -0.031910
0.134423 -0.032108
0.134590 -0.031396
0.134757 -0.029825
0.134923 -0.027470
0.135090 -0.024421
0.135257 -0.020787
0.135424 -0.016687
0.135590 -0.012249
0.135757 -0.007607
0.135924 -0.002896
0.136091 0.001753
0.136258 0.006212
0.136424 0.010364
0.136591 0.014104
0.136758 0.017341
0.136925 0.019999
0.137091 0.022021
0.137258 0.023371
0.137425 0.024028
0.137592 0.023995
0.137759 0.023290
0.137925 0.021952
0.138092 0.020034
0.138259 0.017605
0.138426 0.014744
0.138592 0.011544
0.138759 0.008100
0.138926 0.004514
0.139093 0.000889
0.139260 -0.002673
0.139426 -0.006076
0.139593 -0.009228
0.139760 -0.012049
0.139927 -0.014468
0.140093 -0.016426
0.140260 -0.017881
0.140427 -0.018804
0.140594 -0.019180
0.140761 -0.019011
0.140927 -0.018315
0.141094 -0.017121
0.141261 -0.015474
0.141428 -0.013429
0.141594 -0.011051
0.141761 -0.008414
0.141928 -0.005595
0.142095 -0.002677
0.142262 0.000257
0.142428 0.003126
0.142595 0.005850
0.142762 0.008358
0.142929 0.010583
0.143095 0.012470
0.143262 0.013973
0.143429 0.015056
0.143596 0.015698
0.143763 0.015890
0.143929 0.015634
0.144096 0.014946
0.144263 0.013853
0.144430 0.012392
0.144596 0.010611
0.144763 0.008564
0.144930 0.006315
0.145097 0.003928
0.145264 0.001473
0.145430 -0.000982
0.145597 -0.003367
0.145764 -0.005618
0.145931 -0.007675
0.146097 -0.009482
0.146264 -0.010995
0.146431 -0.012176
0.146598 -0.012998
0.146765 -0.013443
0.146931 -0.013505
0.147098 -0.013189
0.147265 -0.012509
0.147432 -0.011491
0.147598 -0.010167
0.147765 -0.008580
0.147932 -0.006777
0.148099 -0.004813
0.148266 -0.002744
0.148432 -0.000629
0.148599 0.001472
0.148766 0.003500
0.148933 0.005401
0.149099 0.007122
0.149266 0.008620
0.149433 0.009856
0.149600 0.010798
0.149767 0.011425
0.149933 0.011724
0.150100 0.011691
0.150267 0.011332
0.150434 0.010661
0.150600 0.009702
0.150767 0.008485
0.150934 0.007047
0.151101 0.005432
0.151268 0.003687
0.151434 0.001863
0.151601 0.000010
0.151768 -0.001818
0.151935 -0.003570
0.152101 -0.005201
0.152268 -0.006664
0.152435 -0.007923
0.152602 -0.008944
0.152769 -0.009702
0.152935 -0.010179
0.153102 -0.010365
0.153269 -0.010260
0.153436 -0.009869
0.153602 -0.009208
0.153769 -0.008297
0.153936 -0.007166
0.154103 -0.005848
0.154270 -0.004383
0.154436 -0.002813
0.154603 -0.001184
0.154770 0.000459
0.154937 0.002070
0.155103 0.003603
0.155270 0.005018
0.155437 0.006276
0.155604 0.007343
0.155771 0.008193
0.155937 0.008805
0.156104 0.009163
0.156271 0.009261
0.156438 0.009099
0.156604 0.008685
0.156771 0.008032
0.156938 0.007163
0.157105 0.006103
0.157272 0.004884
0.157438 0.003542
0.157605 0.002116
0.157772 0.000647
0.157939 -0.000825
0.158105 -0.002257
0.158272 -0.003611
0.158439 -0.004849
0.158606 -0.005939
0.158773 -0.006851
0.158939 -0.007562
0.159106 -0.008054
0.159273 -0.008316
0.159440 -0.008342
0.159606 -0.008135
0.159773 -0.007703
0.159940 -0.007060
0.160107 -0.006227
0.160274 -0.005227
0.160440 -0.004092
0.160607 -0.002854
0.160774 -0.001549
0.160941 -0.000214
0.161107 0.001114
0.161274 0.002398
0.161441 0.003602
0.161608 0.004693
0.161775 0.005643
0.161941 0.006425
0.162108 0.007020
0.162275 0.007413
0.162442 0.007595
0.162608 0.007563
0.162775 0.007320
0.162942 0.006875
0.163109 0.006241
0.163276 0.005440
0.163442 0.004493
0.163609 0.003430
0.163776 0.002281
0.163943 0.001079
0.164109 -0.000142
0.164276 -0.001347
0.164443 -0.002504
0.164610 -0.003581
0.164777 -0.004547
0.164943 -0.005378
0.165110 -0.006050
0.165277 -0.006548
0.165444 -0.006858
0.165610 -0.006973
0.165777 -0.006893
0.165944 -0.006620
0.166111 -0.006165
0.166278 -0.005541
0.166444 -0.004768
0.166611 -0.003869
0.166778 -0.002869
0.166945 -0.001797
0.167111 -0.000685
0.167278 0.000437
0.167445 0.001537
0.167612 0.002584
0.167779 0.003551
0.167945 0.004410
0.168112 0.005138
0.168279 0.005717
0.168446 0.006131
0.168612 0.006370
0.168779 0.006428
0.168946 0.006307
0.169113 0.006010
0.169280 0.005548
0.169446 0.004934
0.169613 0.004188
0.169780 0.003330
0.169947 0.002387
0.170113 0.001384
0.170280 0.000350
0.170447 -0.000684
0.170614 -0.001692
0.170781 -0.002644
0.170947 -0.003514
0.171114 -0.004280
0.171281 -0.004919
0.171448 -0.005416
0.171614 -0.005758
0.171781 -0.005936
0.171948 -0.005946
0.172115 -0.005790
0.172282 -0.005474
0.172448 -0.005007
0.172615 -0.004403
0.172782 -0.003681
0.172949 -0.002861
0.173115 -0.001968
0.173282 -0.001027
0.173449 -0.000064
0.173616 0.000894
0.173783 0.001819
0.173949 0.002686
0.174116 0.003472
0.174283 0.004155
0.174450 0.004717
0.174616 0.005142
0.174783 0.005421
0.174950 0.005546
0.175117 0.005515
0.175284 0.005329
0.175450 0.004997
0.175617 0.004526
0.175784 0.003933
0.175951 0.003234
0.176117 0.002450
0.176284 0.001602
0.176451 0.000716
0.176618 -0.000183
0.176785 -0.001072
0.176951 -0.001924
0.177118 -0.002716
0.177285 -0.003426
0.177452 -0.004036
0.177618 -0.004528
0.177785 -0.004891
0.177952 -0.005114
0.178119 -0.005192
0.178286 -0.005125
0.178452 -0.004915
0.178619 -0.004569
0.178786 -0.004097
0.178953 -0.003514
0.179119 -0.002837
0.179286 -0.002085
0.179453 -0.001280
0.179620 -0.000444
0.179787 0.000398
0.179953 0.001224
0.180120 0.002009
0.180287 0.002734
0.180454 0.003377
0.180620 0.003921
0.180787 0.004352
0.180954 0.004658
0.181121 0.004832
0.181288 0.004870
0.181454 0.004771
0.181621 0.004540
0.181788 0.004183
0.181955 0.003711
0.182121 0.003138
0.182288 0.002482
0.182455 0.001760
0.182622 0.000994
0.182789 0.000205
0.182955 -0.000585
0.183122 -0.001354
0.183289 -0.002079
0.183456 -0.002742
0.183622 -0.003324
0.183789 -0.003810
0.183956 -0.004185
0.184123 -0.004442
0.184290 -0.004572
0.184456 -0.004574
0.184623 -0.004447
0.184790 -0.004197
0.184957 -0.003831
0.185123 -0.003361
0.185290 -0.002799
0.185457 -0.002162
0.185624 -0.001469
0.185791 -0.000739
0.185957 0.000008
0.186124 0.000749
0.186291 0.001465
0.186458 0.002136
0.186624 0.002743
0.186791 0.003270
0.186958 0.003702
0.187125 0.004027
0.187292 0.004238
0.187458 0.004330
0.187625 0.004299
0.187792 0.004149
0.187959 0.003883
0.188125 0.003510
0.188292 0.003042
0.188459 0.002491
0.188626 0.001873
0.188793 0.001207
0.188959 0.000510
0.189126 -0.000196
0.189293 -0.000893
0.189460 -0.001561
0.189626 -0.002181
0.189793 -0.002737
0.189960 -0.003213
0.190127 -0.003596
0.190294 -0.003877
0.190460 -0.004047
0.190627 -0.004103
0.190794 -0.004045
0.190961 -0.003873
0.191127 -0.003594
0.191294 -0.003216
0.191461 -0.002750
0.191628 -0.002209
0.191795 -0.001610
0.191961 -0.000969
0.192128 -0.000305
0.192295 0.000364
0.192462 0.001019
0.192628 0.001643
0.192795 0.002216
0.192962 0.002725
0.193129 0.003154
0.193296 0.003493
0.193462 0.003733
0.193629 0.003866
0.193796 0.003891
0.193963 0.003807
0.194129 0.003616
0.194296 0.003326
0.194463 0.002943
0.194630 0.002481
0.194797 0.001952
0.194963 0.001371
0.195130 0.000754
0.195297 0.000120
0.195464 -0.000514
0.195630 -0.001131
0.195797 -0.001712
0.195964 -0.002243
0.196131 -0.002708
0.196298 -0.003094
0.196464 -0.003393
0.196631 -0.003594
0.196798 -0.003694
0.196965 -0.003690
0.197131 -0.003583
0.197298 -0.003376
0.197465 -0.003076
0.197632 -0.002691
0.197799 -0.002233
0.197965 -0.001715
0.198132 -0.001151
0.198299 -0.000558
0.198466 0.000047
0.198632 0.000648
0.198799 0.001228
0.198966 0.001771
0.199133 0.002261
0.199300 0.002686
0.199466 0.003033
0.199633 0.003294
0.199800 0.003461
0.199967 0.003530
0.200133 0.003501
0.200300 0.003373
0.200467 0.003152
0.200634 0.002843
0.200801 0.002457
0.200967 0.002004
0.201134 0.001496
0.201301 0.000950
0.201468 0.000379
0.201634 -0.000199
0.201801 -0.000769
0.201968 -0.001314
0.202135 -0.001820
0.202302 -0.002273
0.202468 -0.002660
0.202635 -0.002971
0.202802 -0.003197
0.202969 -0.003332
0.203135 -0.003373
0.203302 -0.003320
0.203469 -0.003175
0.203636 -0.002941
0.203803 -0.002625
0.203969 -0.002238
0.204136 -0.001790
0.204303 -0.001294
0.204470 -0.000765
0.204636 -0.000216
0.204803 0.000336
0.204970 0.000876
0.205137 0.001390
0.205304 0.001861
0.205470 0.002279
0.205637 0.002631
0.205804 0.002907
0.205971 0.003101
0.206137 0.003207
0.206304 0.003223
0.206471 0.003149
0.206638 0.002986
0.206805 0.002741
0.206971 0.002421
0.207138 0.002034
0.207305 0.001592
0.207472 0.001107
0.207638 0.000594
0.207805 0.000066
0.207972 -0.000461
0.208139 -0.000973
0.208306 -0.001455
0.208472 -0.001895
0.208639 -0.002279
0.208806 -0.002598
0.208973 -0.002843
0.209139 -0.003007
0.209306 -0.003086
0.209473 -0.003078
0.209640 -0.002985
0.209807 -0.002808
0.209973 -0.002553
0.210140 -0.002228
0.210307 -0.001842
0.210474 -0.001406
0.210640 -0.000933
0.210807 -0.000436
0.210974 0.000072
0.211141 0.000575
0.211308 0.001060
0.211474 0.001513
0.211641 0.001921
0.211808 0.002275
0.211975 0.002563
0.212141 0.002778
0.212308 0.002914
0.212475 0.002968
0.212642 0.002939
0.212809 0.002828
0.212975 0.002638
0.213142 0.002375
0.213309 0.002046
0.213476 0.001662
0.213642 0.001233
0.213809 0.000771
0.213976 0.000290
0.214143 -0.000198
0.214310 -0.000678
0.214476 -0.001137
0.214643 -0.001562
0.214810 -0.001942
0.214977 -0.002265
0.215143 -0.002524
0.215310 -0.002712
0.215477 -0.002822
0.215644 -0.002853
0.215811 -0.002804
0.215977 -0.002677
0.216144 -0.002475
0.216311 -0.002205
0.216478 -0.001875
0.216644 -0.001493
0.216811 -0.001071
0.216978 -0.000620
0.217145 -0.000154
0.217312 0.000314
0.217478 0.000772
0.217645 0.001206
0.217812 0.001604
0.217979 0.001956
0.218145 0.002252
0.218312 0.002484
0.218479 0.002645
0.218646 0.002732
0.218813 0.002741
0.218979 0.002674
0.219146 0.002532
0.219313 0.002320
0.219480 0.002044
0.219646 0.001712
0.219813 0.001333
0.219980 0.000918
0.220147 0.000479
0.220314 0.000029
0.220480 -0.000421
0.220647 -0.000857
0.220814 -0.001267
0.220981 -0.001640
0.221147 -0.001966
0.221314 -0.002235
0.221481 -0.002441
0.221648 -0.002578
0.221815 -0.002642
0.221981 -0.002632
0.222148 -0.002548
0.222315 -0.002393
0.222482 -0.002172
0.222648 -0.001891
0.222815 -0.001558
0.222982 -0.001182
0.223149 -0.000775
0.223316 -0.000348
0.223482 0.000087
0.223649 0.000519
0.223816 0.000934
0.223983 0.001321
0.224149 0.001670
0.224316 0.001971
0.224483 0.002215
0.224650 0.002397
0.224817 0.002511
0.224983 0.002554
0.225150 0.002525
0.225317 0.002426
0.225484 0.002259
0.225650 0.002030
0.225817 0.001744
0.225984 0.001411
0.226151 0.001040
0.226318 0.000640
0.226484 0.000225
0.226651 -0.000196
0.226818 -0.000609
0.226985 -0.001004
0.227151 -0.001369
0.227318 -0.001694
0.227485 -0.001971
0.227652 -0.002192
0.227819 -0.002351
0.227985 -0.002443
0.228152 -0.002466
0.228319 -0.002420
0.228486 -0.002307
0.228652 -0.002129
0.228819 -0.001893
0.228986 -0.001604
0.229153 -0.001272
0.229320 -0.000905
0.229486 -0.000514
0.229653 -0.000110
0.229820 0.000296
0.229987 0.000692
0.230153 0.001067
0.230320 0.001411
0.230487 0.001714
0.230654 0.001968
0.230821 0.002166
0.230987 0.002303
0.231154 0.002374
0.231321 0.002379
0.231488 0.002318
0.231654 0.002192
0.231821 0.002004
0.231988 0.001762
0.232155 0.001470
0.232322 0.001139
0.232488 0.000777
0.232655 0.000394
0.232822 0.000002
0.232989 -0.000389
0.233155 -0.000768
0.233322 -0.001124
0.233489 -0.001447
0.233656 -0.001728
0.233823 -0.001961
0.233989 -0.002137
0.234156 -0.002253
0.234323 -0.002306
0.234490 -0.002294
0.234656 -0.002217
0.234823 -0.002079
0.234990 -0.001883
0.235157 -0.001635
0.235324 -0.001342
0.235490 -0.001013
0.235657 -0.000656
0.235824 -0.000282
0.235991 0.000099
0.236157 0.000475
0.236324 0.000837
0.236491 0.001174
0.236658 0.001478
0.236825 0.001739
0.236991 0.001950
0.237158 0.002106
0.237325 0.002203
0.237492 0.002237
0.237658 0.002209
0.237825 0.002119
0.237992 0.001970
0.238159 0.001766
0.238326 0.001514
0.238492 0.001220
0.238659 0.000892
0.238826 0.000541
0.238993 0.000176
0.239159 -0.000193
0.239326 -0.000555
0.239493 -0.000901
0.239660 -0.001220
0.239827 -0.001504
0.239993 -0.001745
0.240160 -0.001936
0.240327 -0.002073
0.240494 -0.002151
0.240660 -0.002168
0.240827 -0.002125
0.240994 -0.002022
0.241161 -0.001864
0.241328 -0.001653
0.241494 -0.001397
0.241661 -0.001102
0.241828 -0.000778
0.241995 -0.000432
0.242161 -0.000076
0.242328 0.000281
0.242495 0.000629
0.242662 0.000959
0.242829 0.001260
0.242995 0.001526
0.243162 0.001747
0.243329 0.001920
0.243496 0.002037
0.243662 0.002098
0.243829 0.002099
0.243996 0.002042
0.244163 0.001928
0.244330 0.001760
0.244496 0.001543
0.244663 0.001284
0.244830 0.000989
0.244997 0.000668
0.245163 0.000329
0.245330 -0.000018
0.245497 -0.000363
0.245664 -0.000698
0.245831 -0.001011
0.245997 -0.001296
0.246164 -0.001543
0.246331 -0.001746
0.246498 -0.001900
0.246664 -0.002000
0.246831 -0.002044
0.246998 -0.002030
0.247165 -0.001960
0.247332 -0.001835
0.247498 -0.001659
0.247665 -0.001437
0.247832 -0.001175
0.247999 -0.000881
0.248165 -0.000564
0.248332 -0.000231
0.248499 0.000107
0.248666 0.000440
0.248833 0.000761
0.248999 0.001059
0.249166 0.001327
0.249333 0.001557
0.249500 0.001742
0.249666 0.001878
0.249833 0.001961
0.250000 0.001989
