0.000000 0.980829
0.000167 0.980846
0.000334 0.980896
0.000500 0.980981
0.000667 0.981098
0.000834 0.981249
0.001001 0.981433
0.001167 0.981650
0.001334 0.981899
0.001501 0.982180
0.001668 0.982492
0.001835 0.982835
0.002001 0.983209
0.002168 0.983612
0.002335 0.984043
0.002502 0.984503
0.002668 0.984991
0.002835 0.985505
0.003002 0.986044
0.003169 0.986608
0.003336 0.987196
0.003502 0.987806
0.003669 0.988438
0.003836 0.989090
0.004003 0.989762
0.004169 0.990452
0.004336 0.991158
0.004503 0.991881
0.004670 0.992618
0.004837 0.993368
0.005003 0.994130
0.005170 0.994902
0.005337 0.995684
0.005504 0.996473
0.005670 0.997269
0.005837 0.998070
0.006004 0.998874
0.006171 0.999680
0.006338 1.000488
0.006504 1.001295
0.006671 1.002099
0.006838 1.002900
0.007005 1.003697
0.007171 1.004487
0.007338 1.005269
0.007505 1.006043
0.007672 1.006806
0.007839 1.007557
0.008005 1.008295
0.008172 1.009019
0.008339 1.009728
0.008506 1.010419
0.008672 1.011093
0.008839 1.011747
0.009006 1.012380
0.009173 1.012993
0.009340 1.013582
0.009506 1.014148
0.009673 1.014689
0.009840 1.015205
0.010007 1.015694
0.010173 1.016155
0.010340 1.016589
0.010507 1.016993
0.010674 1.017368
0.010841 1.017712
0.011007 1.018025
0.011174 1.018307
0.011341 1.018556
0.011508 1.018773
0.011674 1.018957
0.011841 1.019108
0.012008 1.019225
0.012175 1.019308
0.012342 1.019358
0.012508 1.019373
0.012675 1.019354
0.012842 1.019301
0.013009 1.019215
0.013175 1.019094
0.013342 1.018939
0.013509 1.018751
0.013676 1.018530
0.013843 1.018277
0.014009 1.017990
0.014176 1.017672
0.014343 1.017323
0.014510 1.016943
0.014676 1.016533
0.014843 1.016093
0.015010 1.015625
0.015177 1.015129
0.015344 1.014606
0.015510 1.014057
0.015677 1.013482
0.015844 1.012884
0.016011 1.012262
0.016177 1.011619
0.016344 1.010954
0.016511 1.010270
0.016678 1.009567
0.016845 1.008846
0.017011 1.008110
0.017178 1.007359
0.017345 1.006594
0.017512 1.005817
0.017678 1.005029
0.017845 1.004231
0.018012 1.003426
0.018179 1.002614
0.018346 1.001796
0.018512 1.000975
0.018679 1.000151
0.018846 0.999326
0.019013 0.998502
0.019179 0.997679
0.019346 0.996860
0.019513 0.996046
0.019680 0.995238
0.019847 0.994438
0.020013 0.993647
0.020180 0.992866
0.020347 0.992097
0.020514 0.991341
0.020680 0.990600
0.020847 0.989875
0.021014 0.989167
0.021181 0.988477
0.021348 0.987807
0.021514 0.987158
0.021681 0.986530
0.021848 0.985926
0.022015 0.985346
0.022181 0.984791
0.022348 0.984263
0.022515 0.983761
0.022682 0.983288
0.022849 0.982844
0.023015 0.982429
0.023182 0.982045
0.023349 0.981692
0.023516 0.981371
0.023682 0.981083
0.023849 0.980827
0.024016 0.980605
0.024183 0.980417
0.024350 0.980263
0.024516 0.980144
0.024683 0.980060
0.024850 0.980011
0.025017 0.979997
0.025183 0.980018
0.025350 0.980074
0.025517 0.980166
0.025684 0.980292
0.025851 0.980454
0.026017 0.980650
0.026184 0.980880
0.026351 0.981145
0.026518 0.981443
0.026684 0.981774
0.026851 0.982138
0.027018 0.982533
0.027185 0.982960
0.027352 0.983417
0.027518 0.983905
0.027685 0.984421
0.027852 0.984965
0.028019 0.985537
0.028185 0.986135
0.028352 0.986758
0.028519 0.987405
0.028686 0.988075
0.028853 0.988767
0.029019 0.989480
0.029186 0.990213
0.029353 0.990964
0.029520 0.991731
0.029686 0.992515
0.029853 0.993312
0.030020 0.994123
0.030187 0.994945
0.030354 0.995777
0.030520 0.996618
0.030687 0.997466
0.030854 0.998320
0.031021 0.999177
0.031187 1.000038
0.031354 1.000900
0.031521 1.001761
0.031688 1.002621
0.031855 1.003478
0.032021 1.004329
0.032188 1.005174
0.032355 1.006012
0.032522 1.006840
0.032688 1.007657
0.032855 1.008462
0.033022 1.009254
0.033189 1.010030
0.033356 1.010790
0.033522 1.011532
0.033689 1.012255
0.033856 1.012958
0.034023 1.013638
0.034189 1.014296
0.034356 1.014930
0.034523 1.015539
0.034690 1.016121
0.034857 1.016675
0.035023 1.017202
0.035190 1.017698
0.035357 1.018165
0.035524 1.018600
0.035690 1.019003
0.035857 1.019373
0.036024 1.019710
0.036191 1.020013
0.036358 1.020280
0.036524 1.020513
0.036691 1.020710
0.036858 1.020870
0.037025 1.020994
0.037191 1.021081
0.037358 1.021132
0.037525 1.021145
0.037692 1.021120
0.037859 1.021059
0.038025 1.020960
0.038192 1.020824
0.038359 1.020651
0.038526 1.020442
0.038692 1.020195
0.038859 1.019913
0.039026 1.019595
0.039193 1.019242
0.039360 1.018854
0.039526 1.018433
0.039693 1.017977
0.039860 1.017490
0.040027 1.016970
0.040193 1.016420
0.040360 1.015839
0.040527 1.015229
0.040694 1.014592
0.040861 1.013927
0.041027 1.013236
0.041194 1.012521
0.041361 1.011781
0.041528 1.011020
0.041694 1.010238
0.041861 1.009436
0.042028 1.008615
0.042195 1.007778
0.042362 1.006925
0.042528 1.006058
0.042695 1.005178
0.042862 1.004288
0.043029 1.003388
0.043195 1.002480
0.043362 1.001566
0.043529 1.000647
0.043696 0.999724
0.043863 0.998801
0.044029 0.997877
0.044196 0.996955
0.044363 0.996036
0.044530 0.995122
0.044696 0.994215
0.044863 0.993316
0.045030 0.992427
0.045197 0.991549
0.045364 0.990684
0.045530 0.989833
0.045697 0.988998
0.045864 0.988181
0.046031 0.987383
0.046197 0.986605
0.046364 0.985849
0.046531 0.985116
0.046698 0.984407
0.046865 0.983725
0.047031 0.983069
0.047198 0.982442
0.047365 0.981844
0.047532 0.981277
0.047698 0.980742
0.047865 0.980239
0.048032 0.979770
0.048199 0.979335
0.048366 0.978936
0.048532 0.978573
0.048699 0.978247
0.048866 0.977958
0.049033 0.977708
0.049199 0.977497
0.049366 0.977324
0.049533 0.977192
0.049700 0.977099
0.049867 0.977046
0.050033 0.977034
0.050200 0.977063
0.050367 0.977132
0.050534 0.977241
0.050700 0.977391
0.050867 0.977582
0.051034 0.977812
0.051201 0.978083
0.051368 0.978392
0.051534 0.978741
0.051701 0.979129
0.051868 0.979554
0.052035 0.980017
0.052201 0.980516
0.052368 0.981051
0.052535 0.981621
0.052702 0.982225
0.052869 0.982863
0.053035 0.983532
0.053202 0.984233
0.053369 0.984963
0.053536 0.985722
0.053702 0.986508
0.053869 0.987321
0.054036 0.988158
0.054203 0.989019
0.054370 0.989902
0.054536 0.990805
0.054703 0.991727
0.054870 0.992667
0.055037 0.993622
0.055203 0.994592
0.055370 0.995574
0.055537 0.996566
0.055704 0.997568
0.055871 0.998578
0.056037 0.999593
0.056204 1.000611
0.056371 1.001632
0.056538 1.002654
0.056704 1.003673
0.056871 1.004690
0.057038 1.005701
0.057205 1.006706
0.057372 1.007701
0.057538 1.008687
0.057705 1.009660
0.057872 1.010619
0.058039 1.011563
0.058205 1.012489
0.058372 1.013397
0.058539 1.014283
0.058706 1.015147
0.058873 1.015987
0.059039 1.016802
0.059206 1.017590
0.059373 1.018349
0.059540 1.019079
0.059706 1.019777
0.059873 1.020442
0.060040 1.021074
0.060207 1.021670
0.060374 1.022230
0.060540 1.022753
0.060707 1.023237
0.060874 1.023682
0.061041 1.024087
0.061207 1.024450
0.061374 1.024771
0.061541 1.025050
0.061708 1.025285
0.061875 1.025476
0.062041 1.025623
0.062208 1.025725
0.062375 1.025782
0.062542 1.025793
0.062708 1.025759
0.062875 1.025679
0.063042 1.025553
0.063209 1.025382
0.063376 1.025165
0.063542 1.024902
0.063709 1.024595
0.063876 1.024242
0.064043 1.023846
0.064209 1.023405
0.064376 1.022922
0.064543 1.022396
0.064710 1.021828
0.064877 1.021219
0.065043 1.020571
0.065210 1.019883
0.065377 1.019157
0.065544 1.018395
0.065710 1.017597
0.065877 1.016764
0.066044 1.015899
0.066211 1.015002
0.066378 1.014074
0.066544 1.013118
0.066711 1.012135
0.066878 1.011126
0.067045 1.010094
0.067211 1.009039
0.067378 1.007963
0.067545 1.006869
0.067712 1.005759
0.067879 1.004633
0.068045 1.003495
0.068212 1.002345
0.068379 1.001187
0.068546 1.000021
0.068712 0.998850
0.068879 0.997676
0.069046 0.996502
0.069213 0.995328
0.069380 0.994158
0.069546 0.992992
0.069713 0.991834
0.069880 0.990686
0.070047 0.989548
0.070213 0.988425
0.070380 0.987316
0.070547 0.986226
0.070714 0.985154
0.070881 0.984105
0.071047 0.983078
0.071214 0.982077
0.071381 0.981104
0.071548 0.980159
0.071714 0.979245
0.071881 0.978364
0.072048 0.977517
0.072215 0.976705
0.072382 0.975932
0.072548 0.975197
0.072715 0.974504
0.072882 0.973852
0.073049 0.973243
0.073215 0.972679
0.073382 0.972161
0.073549 0.971689
0.073716 0.971266
0.073883 0.970892
0.074049 0.970568
0.074216 0.970294
0.074383 0.970072
0.074550 0.969902
0.074716 0.969784
0.074883 0.969720
0.075050 0.969709
0.075217 0.969752
0.075384 0.969849
0.075550 0.970001
0.075717 0.970206
0.075884 0.970466
0.076051 0.970779
0.076217 0.971146
0.076384 0.971567
0.076551 0.972040
0.076718 0.972566
0.076885 0.973143
0.077051 0.973771
0.077218 0.974449
0.077385 0.975177
0.077552 0.975952
0.077718 0.976775
0.077885 0.977644
0.078052 0.978557
0.078219 0.979514
0.078386 0.980512
0.078552 0.981551
0.078719 0.982629
0.078886 0.983743
0.079053 0.984894
0.079219 0.986077
0.079386 0.987292
0.079553 0.988537
0.079720 0.989810
0.079887 0.991108
0.080053 0.992429
0.080220 0.993772
0.080387 0.995134
0.080554 0.996513
0.080720 0.997907
0.080887 0.999312
0.081054 1.000727
0.081221 1.002150
0.081388 1.003577
0.081554 1.005007
0.081721 1.006436
0.081888 1.007863
0.082055 1.009285
0.082221 1.010699
0.082388 1.012103
0.082555 1.013494
0.082722 1.014869
0.082889 1.016227
0.083055 1.017565
0.083222 1.018880
0.083389 1.020170
0.083556 1.021432
0.083722 1.022663
0.083889 1.023863
0.084056 1.025028
0.084223 1.026155
0.084390 1.027244
0.084556 1.028291
0.084723 1.029294
0.084890 1.030252
0.085057 1.031162
0.085223 1.032022
0.085390 1.032831
0.085557 1.033587
0.085724 1.034288
0.085891 1.034933
0.086057 1.035519
0.086224 1.036046
0.086391 1.036512
0.086558 1.036916
0.086724 1.037256
0.086891 1.037532
0.087058 1.037743
0.087225 1.037888
0.087392 1.037966
0.087558 1.037976
0.087725 1.037918
0.087892 1.037791
0.088059 1.037596
0.088225 1.037332
0.088392 1.036999
0.088559 1.036596
0.088726 1.036125
0.088893 1.035585
0.089059 1.034978
0.089226 1.034302
0.089393 1.033560
0.089560 1.032751
0.089726 1.031877
0.089893 1.030939
0.090060 1.029937
0.090227 1.028874
0.090394 1.027750
0.090560 1.026566
0.090727 1.025326
0.090894 1.024029
0.091061 1.022679
0.091227 1.021276
0.091394 1.019823
0.091561 1.018322
0.091728 1.016776
0.091895 1.015186
0.092061 1.013555
0.092228 1.011885
0.092395 1.010180
0.092562 1.008441
0.092728 1.006672
0.092895 1.004875
0.093062 1.003054
0.093229 1.001210
0.093396 0.999348
0.093562 0.997470
0.093729 0.995580
0.093896 0.993681
0.094063 0.991775
0.094229 0.989867
0.094396 0.987959
0.094563 0.986055
0.094730 0.984159
0.094897 0.982273
0.095063 0.980402
0.095230 0.978548
0.095397 0.976715
0.095564 0.974907
0.095730 0.973126
0.095897 0.971377
0.096064 0.969662
0.096231 0.967986
0.096398 0.966351
0.096564 0.964760
0.096731 0.963218
0.096898 0.961727
0.097065 0.960290
0.097231 0.958910
0.097398 0.957591
0.097565 0.956336
0.097732 0.955146
0.097899 0.954026
0.098065 0.952978
0.098232 0.952005
0.098399 0.951109
0.098566 0.950292
0.098732 0.949557
0.098899 0.948906
0.099066 0.948342
0.099233 0.947865
0.099400 0.947479
0.099566 0.947185
0.099733 0.946984
0.099900 0.946878
0.100067 0.946868
0.100233 0.946956
0.100400 0.947143
0.100567 0.947428
0.100734 0.947814
0.100901 0.948300
0.101067 0.948888
0.101234 0.949577
0.101401 0.950367
0.101568 0.951259
0.101734 0.952252
0.101901 0.953346
0.102068 0.954539
0.102235 0.955832
0.102402 0.957224
0.102568 0.958713
0.102735 0.960297
0.102902 0.961977
0.103069 0.963749
0.103235 0.965612
0.103402 0.967564
0.103569 0.969604
0.103736 0.971728
0.103903 0.973934
0.104069 0.976219
0.104236 0.978581
0.104403 0.981017
0.104570 0.983522
0.104736 0.986095
0.104903 0.988732
0.105070 0.991428
0.105237 0.994180
0.105404 0.996985
0.105570 0.999837
0.105737 1.002733
0.105904 1.005668
0.106071 1.008639
0.106237 1.011639
0.106404 1.014665
0.106571 1.017711
0.106738 1.020772
0.106905 1.023844
0.107071 1.026921
0.107238 1.029998
0.107405 1.033069
0.107572 1.036129
0.107738 1.039173
0.107905 1.042193
0.108072 1.045186
0.108239 1.048145
0.108406 1.051064
0.108572 1.053937
0.108739 1.056759
0.108906 1.059523
0.109073 1.062224
0.109239 1.064854
0.109406 1.067410
0.109573 1.069883
0.109740 1.072269
0.109907 1.074561
0.110073 1.076754
0.110240 1.078840
0.110407 1.080815
0.110574 1.082673
0.110740 1.084406
0.110907 1.086011
0.111074 1.087481
0.111241 1.088809
0.111408 1.089992
0.111574 1.091023
0.111741 1.091896
0.111908 1.092607
0.112075 1.093149
0.112241 1.093519
0.112408 1.093711
0.112575 1.093720
0.112742 1.093542
0.112909 1.093171
0.113075 1.092604
0.113242 1.091835
0.113409 1.090862
0.113576 1.089679
0.113742 1.088284
0.113909 1.086672
0.114076 1.084840
0.114243 1.082784
0.114410 1.080503
0.114576 1.077992
0.114743 1.075249
0.114910 1.072271
0.115077 1.069057
0.115243 1.065604
0.115410 1.061910
0.115577 1.057973
0.115744 1.053793
0.115911 1.049369
0.116077 1.044698
0.116244 1.039780
0.116411 1.034615
0.116578 1.029203
0.116744 1.023544
0.116911 1.017637
0.117078 1.011483
0.117245 1.005083
0.117412 0.998438
0.117578 0.991548
0.117745 0.984416
0.117912 0.977042
0.118079 0.969430
0.118245 0.961580
0.118412 0.953495
0.118579 0.945177
0.118746 0.936631
0.118913 0.927857
0.119079 0.918860
0.119246 0.909644
0.119413 0.900211
0.119580 0.890566
0.119746 0.880713
0.119913 0.870656
0.120080 0.860399
0.120247 0.849948
0.120414 0.839307
0.120580 0.828482
0.120747 0.817477
0.120914 0.806299
0.121081 0.794952
0.121247 0.783443
0.121414 0.771778
0.121581 0.759962
0.121748 0.748003
0.121915 0.735906
0.122081 0.723678
0.122248 0.711327
0.122415 0.698857
0.122582 0.686278
0.122748 0.673595
0.122915 0.660816
0.123082 0.647949
0.123249 0.635000
0.123416 0.621977
0.123582 0.608887
0.123749 0.595738
0.123916 0.582539
0.124083 0.569295
0.124249 0.556016
0.124416 0.542708
0.124583 0.529381
0.124750 0.516040
0.124917 0.502695
0.125083 0.489354
0.125250 0.476023
0.125417 0.462710
0.125584 0.449424
0.125751 0.436173
0.125917 0.422963
0.126084 0.409802
0.126251 0.396699
0.126418 0.383660
0.126584 0.370693
0.126751 0.357806
0.126918 0.345005
0.127085 0.332298
0.127252 0.319692
0.127418 0.307194
0.127585 0.294811
0.127752 0.282549
0.127919 0.270416
0.128085 0.258416
0.128252 0.246558
0.128419 0.234847
0.128586 0.223288
0.128753 0.211889
0.128919 0.200654
0.129086 0.189589
0.129253 0.178700
0.129420 0.167991
0.129586 0.157467
0.129753 0.147134
0.129920 0.136996
0.130087 0.127057
0.130254 0.117322
0.130420 0.107793
0.130587 0.098476
0.130754 0.089373
0.130921 0.080489
0.131087 0.071825
0.131254 0.063386
0.131421 0.055172
0.131588 0.047188
0.131755 0.039435
0.131921 0.031916
0.132088 0.024631
0.132255 0.017582
0.132422 0.010771
0.132588 0.004199
0.132755 -0.002133
0.132922 -0.008226
0.133089 -0.014077
0.133256 -0.019689
0.133422 -0.025059
0.133589 -0.030190
0.133756 -0.035080
0.133923 -0.039732
0.134089 -0.044146
0.134256 -0.048323
0.134423 -0.052264
0.134590 -0.055972
0.134757 -0.059448
0.134923 -0.062694
0.135090 -0.065713
0.135257 -0.068506
0.135424 -0.071076
0.135590 -0.073427
0.135757 -0.075560
0.135924 -0.077480
0.136091 -0.079190
0.136258 -0.080692
0.136424 -0.081992
0.136591 -0.083092
0.136758 -0.083997
0.136925 -0.084710
0.137091 -0.085236
0.137258 -0.085579
0.137425 -0.085744
0.137592 -0.085736
0.137759 -0.085559
0.137925 -0.085218
0.138092 -0.084717
0.138259 -0.084063
0.138426 -0.083260
0.138592 -0.082314
0.138759 -0.081229
0.138926 -0.080011
0.139093 -0.078665
0.139260 -0.077197
0.139426 -0.075613
0.139593 -0.073918
0.139760 -0.072117
0.139927 -0.070217
0.140093 -0.068222
0.140260 -0.066139
0.140427 -0.063972
0.140594 -0.061729
0.140761 -0.059414
0.140927 -0.057032
0.141094 -0.054591
0.141261 -0.052094
0.141428 -0.049548
0.141594 -0.046959
0.141761 -0.044331
0.141928 -0.041670
0.142095 -0.038981
0.142262 -0.036270
0.142428 -0.033541
0.142595 -0.030800
0.142762 -0.028053
0.142929 -0.025303
0.143095 -0.022556
0.143262 -0.019816
0.143429 -0.017089
0.143596 -0.014378
0.143763 -0.011688
0.143929 -0.009023
0.144096 -0.006388
0.144263 -0.003787
0.144430 -0.001223
0.144596 0.001299
0.144763 0.003777
0.144930 0.006206
0.145097 0.008583
0.145264 0.010904
0.145430 0.013168
0.145597 0.015370
0.145764 0.017508
0.145931 0.019579
0.146097 0.021581
0.146264 0.023511
0.146431 0.025368
0.146598 0.027148
0.146765 0.028851
0.146931 0.030475
0.147098 0.032018
0.147265 0.033478
0.147432 0.034854
0.147598 0.036146
0.147765 0.037352
0.147932 0.038472
0.148099 0.039504
0.148266 0.040449
0.148432 0.041306
0.148599 0.042075
0.148766 0.042755
0.148933 0.043348
0.149099 0.043853
0.149266 0.044271
0.149433 0.044602
0.149600 0.044847
0.149767 0.045006
0.149933 0.045081
0.150100 0.045073
0.150267 0.044982
0.150434 0.044811
0.150600 0.044561
0.150767 0.044232
0.150934 0.043828
0.151101 0.043349
0.151268 0.042797
0.151434 0.042175
0.151601 0.041484
0.151768 0.040727
0.151935 0.039905
0.152101 0.039021
0.152268 0.038078
0.152435 0.037077
0.152602 0.036022
0.152769 0.034915
0.152935 0.033758
0.153102 0.032554
0.153269 0.031306
0.153436 0.030016
0.153602 0.028688
0.153769 0.027324
0.153936 0.025927
0.154103 0.024499
0.154270 0.023045
0.154436 0.021566
0.154603 0.020065
0.154770 0.018546
0.154937 0.017011
0.155103 0.015463
0.155270 0.013904
0.155437 0.012339
0.155604 0.010770
0.155771 0.009198
0.155937 0.007628
0.156104 0.006062
0.156271 0.004503
0.156438 0.002952
0.156604 0.001414
0.156771 -0.000110
0.156938 -0.001617
0.157105 -0.003104
0.157272 -0.004570
0.157438 -0.006012
0.157605 -0.007427
0.157772 -0.008814
0.157939 -0.010170
0.158105 -0.011494
0.158272 -0.012782
0.158439 -0.014034
0.158606 -0.015248
0.158773 -0.016422
0.158939 -0.017554
0.159106 -0.018643
0.159273 -0.019687
0.159440 -0.020685
0.159606 -0.021636
0.159773 -0.022538
0.159940 -0.023391
0.160107 -0.024193
0.160274 -0.024944
0.160440 -0.025643
0.160607 -0.026289
0.160774 -0.026881
0.160941 -0.027419
0.161107 -0.027903
0.161274 -0.028332
0.161441 -0.028706
0.161608 -0.029025
0.161775 -0.029289
0.161941 -0.029498
0.162108 -0.029653
0.162275 -0.029753
0.162442 -0.029798
0.162608 -0.029790
0.162775 -0.029729
0.162942 -0.029615
0.163109 -0.029450
0.163276 -0.029233
0.163442 -0.028966
0.163609 -0.028650
0.163776 -0.028285
0.163943 -0.027874
0.164109 -0.027416
0.164276 -0.026914
0.164443 -0.026368
0.164610 -0.025779
0.164777 -0.025151
0.164943 -0.024483
0.165110 -0.023777
0.165277 -0.023035
0.165444 -0.022258
0.165610 -0.021449
0.165777 -0.020609
0.165944 -0.019739
0.166111 -0.018841
0.166278 -0.017918
0.166444 -0.016971
0.166611 -0.016002
0.166778 -0.015012
0.166945 -0.014005
0.167111 -0.012981
0.167278 -0.011942
0.167445 -0.010891
0.167612 -0.009830
0.167779 -0.008760
0.167945 -0.007683
0.168112 -0.006602
0.168279 -0.005518
0.168446 -0.004433
0.168612 -0.003349
0.168779 -0.002268
0.168946 -0.001192
0.169113 -0.000123
0.169280 0.000938
0.169446 0.001988
0.169613 0.003027
0.169780 0.004051
0.169947 0.005060
0.170113 0.006053
0.170280 0.007026
0.170447 0.007979
0.170614 0.008911
0.170781 0.009819
0.170947 0.010703
0.171114 0.011560
0.171281 0.012391
0.171448 0.013192
0.171614 0.013965
0.171781 0.014706
0.171948 0.015416
0.172115 0.016092
0.172282 0.016735
0.172448 0.017343
0.172615 0.017916
0.172782 0.018453
0.172949 0.018953
0.173115 0.019415
0.173282 0.019839
0.173449 0.020225
0.173616 0.020573
0.173783 0.020881
0.173949 0.021149
0.174116 0.021379
0.174283 0.021568
0.174450 0.021718
0.174616 0.021828
0.174783 0.021899
0.174950 0.021930
0.175117 0.021923
0.175284 0.021876
0.175450 0.021791
0.175617 0.021668
0.175784 0.021507
0.175951 0.021309
0.176117 0.021075
0.176284 0.020806
0.176451 0.020501
0.176618 0.020162
0.176785 0.019790
0.176951 0.019385
0.177118 0.018949
0.177285 0.018482
0.177452 0.017986
0.177618 0.017461
0.177785 0.016909
0.177952 0.016331
0.178119 0.015727
0.178286 0.015101
0.178452 0.014451
0.178619 0.013781
0.178786 0.013090
0.178953 0.012382
0.179119 0.011656
0.179286 0.010914
0.179453 0.010158
0.179620 0.009389
0.179787 0.008608
0.179953 0.007818
0.180120 0.007019
0.180287 0.006213
0.180454 0.005401
0.180620 0.004585
0.180787 0.003766
0.180954 0.002946
0.181121 0.002126
0.181288 0.001308
0.181454 0.000493
0.181621 -0.000318
0.181788 -0.001123
0.181955 -0.001921
0.182121 -0.002711
0.182288 -0.003490
0.182455 -0.004258
0.182622 -0.005014
0.182789 -0.005756
0.182955 -0.006484
0.183122 -0.007195
0.183289 -0.007889
0.183456 -0.008564
0.183622 -0.009221
0.183789 -0.009856
0.183956 -0.010471
0.184123 -0.011063
0.184290 -0.011631
0.184456 -0.012176
0.184623 -0.012696
0.184790 -0.013190
0.184957 -0.013658
0.185123 -0.014098
0.185290 -0.014511
0.185457 -0.014896
0.185624 -0.015253
0.185791 -0.015580
0.185957 -0.015877
0.186124 -0.016145
0.186291 -0.016382
0.186458 -0.016589
0.186624 -0.016766
0.186791 -0.016912
0.186958 -0.017027
0.187125 -0.017111
0.187292 -0.017165
0.187458 -0.017188
0.187625 -0.017180
0.187792 -0.017142
0.187959 -0.017074
0.188125 -0.016976
0.188292 -0.016849
0.188459 -0.016693
0.188626 -0.016508
0.188793 -0.016295
0.188959 -0.016055
0.189126 -0.015787
0.189293 -0.015494
0.189460 -0.015174
0.189626 -0.014830
0.189793 -0.014461
0.189960 -0.014069
0.190127 -0.013654
0.190294 -0.013218
0.190460 -0.012760
0.190627 -0.012283
0.190794 -0.011787
0.190961 -0.011272
0.191127 -0.010741
0.191294 -0.010194
0.191461 -0.009631
0.191628 -0.009055
0.191795 -0.008466
0.191961 -0.007865
0.192128 -0.007254
0.192295 -0.006634
0.192462 -0.006005
0.192628 -0.005369
0.192795 -0.004726
0.192962 -0.004080
0.193129 -0.003429
0.193296 -0.002776
0.193462 -0.002121
0.193629 -0.001467
0.193796 -0.000813
0.193963 -0.000161
0.194129 0.000487
0.194296 0.001131
0.194463 0.001770
0.194630 0.002402
0.194797 0.003026
0.194963 0.003642
0.195130 0.004248
0.195297 0.004843
0.195464 0.005427
0.195630 0.005998
0.195797 0.006555
0.195964 0.007098
0.196131 0.007626
0.196298 0.008137
0.196464 0.008632
0.196631 0.009108
0.196798 0.009566
0.196965 0.010005
0.197131 0.010424
0.197298 0.010822
0.197465 0.011199
0.197632 0.011554
0.197799 0.011888
0.197965 0.012198
0.198132 0.012486
0.198299 0.012750
0.198466 0.012990
0.198632 0.013206
0.198799 0.013397
0.198966 0.013564
0.199133 0.013707
0.199300 0.013824
0.199466 0.013916
0.199633 0.013984
0.199800 0.014026
0.199967 0.014043
0.200133 0.014036
0.200300 0.014004
0.200467 0.013947
0.200634 0.013866
0.200801 0.013761
0.200967 0.013632
0.201134 0.013480
0.201301 0.013305
0.201468 0.013107
0.201634 0.012887
0.201801 0.012645
0.201968 0.012382
0.202135 0.012099
0.202302 0.011796
0.202468 0.011473
0.202635 0.011132
0.202802 0.010773
0.202969 0.010396
0.203135 0.010003
0.203302 0.009594
0.203469 0.009170
0.203636 0.008732
0.203803 0.008281
0.203969 0.007817
0.204136 0.007342
0.204303 0.006856
0.204470 0.006360
0.204636 0.005855
0.204803 0.005343
0.204970 0.004823
0.205137 0.004297
0.205304 0.003766
0.205470 0.003231
0.205637 0.002693
0.205804 0.002153
0.205971 0.001611
0.206137 0.001069
0.206304 0.000527
0.206471 -0.000013
0.206638 -0.000550
0.206805 -0.001085
0.206971 -0.001614
0.207138 -0.002139
0.207305 -0.002657
0.207472 -0.003168
0.207638 -0.003672
0.207805 -0.004166
0.207972 -0.004651
0.208139 -0.005126
0.208306 -0.005589
0.208472 -0.006041
0.208639 -0.006480
0.208806 -0.006905
0.208973 -0.007317
0.209139 -0.007713
0.209306 -0.008095
0.209473 -0.008460
0.209640 -0.008809
0.209807 -0.009141
0.209973 -0.009455
0.210140 -0.009751
0.210307 -0.010029
0.210474 -0.010288
0.210640 -0.010528
0.210807 -0.010748
0.210974 -0.010948
0.211141 -0.011128
0.211308 -0.011287
0.211474 -0.011426
0.211641 -0.011544
0.211808 -0.011642
0.211975 -0.011718
0.212141 -0.011774
0.212308 -0.011808
0.212475 -0.011822
0.212642 -0.011815
0.212809 -0.011787
0.212975 -0.011738
0.213142 -0.011669
0.213309 -0.011579
0.213476 -0.011470
0.213642 -0.011341
0.213809 -0.011192
0.213976 -0.011024
0.214143 -0.010838
0.214310 -0.010633
0.214476 -0.010411
0.214643 -0.010171
0.214810 -0.009914
0.214977 -0.009640
0.215143 -0.009351
0.215310 -0.009047
0.215477 -0.008728
0.215644 -0.008395
0.215811 -0.008048
0.215977 -0.007689
0.216144 -0.007317
0.216311 -0.006935
0.216478 -0.006541
0.216644 -0.006138
0.216811 -0.005726
0.216978 -0.005305
0.217145 -0.004876
0.217312 -0.004441
0.217478 -0.004000
0.217645 -0.003553
0.217812 -0.003102
0.217979 -0.002647
0.218145 -0.002190
0.218312 -0.001730
0.218479 -0.001270
0.218646 -0.000808
0.218813 -0.000348
0.218979 0.000112
0.219146 0.000569
0.219313 0.001024
0.219480 0.001475
0.219646 0.001922
0.219813 0.002363
0.219980 0.002799
0.220147 0.003228
0.220314 0.003649
0.220480 0.004063
0.220647 0.004468
0.220814 0.004863
0.220981 0.005248
0.221147 0.005623
0.221314 0.005986
0.221481 0.006337
0.221648 0.006675
0.221815 0.007001
0.221981 0.007313
0.222148 0.007611
0.222315 0.007894
0.222482 0.008163
0.222648 0.008416
0.222815 0.008653
0.222982 0.008874
0.223149 0.009078
0.223316 0.009266
0.223482 0.009437
0.223649 0.009591
0.223816 0.009727
0.223983 0.009845
0.224149 0.009946
0.224316 0.010029
0.224483 0.010093
0.224650 0.010140
0.224817 0.010169
0.224983 0.010180
0.225150 0.010173
0.225317 0.010148
0.225484 0.010105
0.225650 0.010044
0.225817 0.009966
0.225984 0.009871
0.226151 0.009759
0.226318 0.009630
0.226484 0.009485
0.226651 0.009323
0.226818 0.009146
0.226985 0.008953
0.227151 0.008745
0.227318 0.008523
0.227485 0.008286
0.227652 0.008036
0.227819 0.007772
0.227985 0.007496
0.228152 0.007207
0.228319 0.006907
0.228486 0.006596
0.228652 0.006274
0.228819 0.005942
0.228986 0.005601
0.229153 0.005252
0.229320 0.004895
0.229486 0.004530
0.229653 0.004158
0.229820 0.003781
0.229987 0.003398
0.230153 0.003011
0.230320 0.002619
0.230487 0.002225
0.230654 0.001828
0.230821 0.001429
0.230987 0.001029
0.231154 0.000628
0.231321 0.000228
0.231488 -0.000171
0.231654 -0.000568
0.231821 -0.000963
0.231988 -0.001355
0.232155 -0.001743
0.232322 -0.002127
0.232488 -0.002506
0.232655 -0.002878
0.232822 -0.003245
0.232989 -0.003605
0.233155 -0.003957
0.233322 -0.004301
0.233489 -0.004636
0.233656 -0.004961
0.233823 -0.005277
0.233989 -0.005583
0.234156 -0.005878
0.234323 -0.006161
0.234490 -0.006433
0.234656 -0.006692
0.234823 -0.006938
0.234990 -0.007172
0.235157 -0.007392
0.235324 -0.007599
0.235490 -0.007791
0.235657 -0.007969
0.235824 -0.008133
0.235991 -0.008281
0.236157 -0.008415
0.236324 -0.008533
0.236491 -0.008636
0.236658 -0.008723
0.236825 -0.008795
0.236991 -0.008851
0.237158 -0.008891
0.237325 -0.008915
0.237492 -0.008924
0.237658 -0.008917
0.237825 -0.008894
0.237992 -0.008856
0.238159 -0.008802
0.238326 -0.008733
0.238492 -0.008649
0.238659 -0.008550
0.238826 -0.008436
0.238993 -0.008307
0.239159 -0.008165
0.239326 -0.008009
0.239493 -0.007839
0.239660 -0.007655
0.239827 -0.007459
0.239993 -0.007251
0.240160 -0.007030
0.240327 -0.006798
0.240494 -0.006554
0.240660 -0.006300
0.240827 -0.006035
0.240994 -0.005761
0.241161 -0.005478
0.241328 -0.005185
0.241494 -0.004885
0.241661 -0.004577
0.241828 -0.004262
0.241995 -0.003940
0.242161 -0.003612
0.242328 -0.003280
0.242495 -0.002942
0.242662 -0.002600
0.242829 -0.002255
0.242995 -0.001907
0.243162 -0.001557
0.243329 -0.001205
0.243496 -0.000852
0.243662 -0.000498
0.243829 -0.000145
0.243996 0.000207
0.244163 0.000558
0.244330 0.000907
0.244496 0.001253
0.244663 0.001596
0.244830 0.001935
0.244997 0.002269
0.245163 0.002599
0.245330 0.002922
0.245497 0.003240
0.245664 0.003551
0.245831 0.003855
0.245997 0.004151
0.246164 0.004439
0.246331 0.004719
0.246498 0.004989
0.246664 0.005249
0.246831 0.005500
0.246998 0.005740
0.247165 0.005969
0.247332 0.006187
0.247498 0.006394
0.247665 0.006588
0.247832 0.006771
0.247999 0.006941
0.248165 0.007098
0.248332 0.007242
0.248499 0.007374
0.248666 0.007491
0.248833 0.007596
0.248999 0.007686
0.249166 0.007763
0.249333 0.007826
0.249500 0.007875
0.249666 0.007910
0.249833 0.007931
0.250000 0.007938
