0.000000 1.078489
0.000167 1.078489
0.000334 1.078487
0.000500 1.078485
0.000667 1.078482
0.000834 1.078478
0.001001 1.078473
0.001167 1.078467
0.001334 1.078460
0.001501 1.078453
0.001668 1.078444
0.001835 1.078434
0.002001 1.078424
0.002168 1.078413
0.002335 1.078400
0.002502 1.078387
0.002668 1.078373
0.002835 1.078358
0.003002 1.078343
0.003169 1.078326
0.003336 1.078308
0.003502 1.078289
0.003669 1.078270
0.003836 1.078250
0.004003 1.078228
0.004169 1.078206
0.004336 1.078183
0.004503 1.078159
0.004670 1.078134
0.004837 1.078108
0.005003 1.078081
0.005170 1.078053
0.005337 1.078024
0.005504 1.077995
0.005670 1.077964
0.005837 1.077933
0.006004 1.077900
0.006171 1.077867
0.006338 1.077833
0.006504 1.077797
0.006671 1.077761
0.006838 1.077724
0.007005 1.077686
0.007171 1.077647
0.007338 1.077607
0.007505 1.077566
0.007672 1.077524
0.007839 1.077481
0.008005 1.077438
0.008172 1.077393
0.008339 1.077347
0.008506 1.077301
0.008672 1.077253
0.008839 1.077204
0.009006 1.077155
0.009173 1.077104
0.009340 1.077053
0.009506 1.077001
0.009673 1.076947
0.009840 1.076893
0.010007 1.076837
0.010173 1.076781
0.010340 1.076723
0.010507 1.076665
0.010674 1.076606
0.010841 1.076545
0.011007 1.076484
0.011174 1.076422
0.011341 1.076358
0.011508 1.076294
0.011674 1.076229
0.011841 1.076162
0.012008 1.076095
0.012175 1.076026
0.012342 1.075957
0.012508 1.075886
0.012675 1.075815
0.012842 1.075742
0.013009 1.075669
0.013175 1.075594
0.013342 1.075518
0.013509 1.075441
0.013676 1.075364
0.013843 1.075285
0.014009 1.075205
0.014176 1.075124
0.014343 1.075042
0.014510 1.074959
0.014676 1.074874
0.014843 1.074789
0.015010 1.074703
0.015177 1.074615
0.015344 1.074527
0.015510 1.074437
0.015677 1.074346
0.015844 1.074255
0.016011 1.074162
0.016177 1.074068
0.016344 1.073972
0.016511 1.073876
0.016678 1.073779
0.016845 1.073680
0.017011 1.073580
0.017178 1.073480
0.017345 1.073378
0.017512 1.073274
0.017678 1.073170
0.017845 1.073065
0.018012 1.072958
0.018179 1.072850
0.018346 1.072741
0.018512 1.072631
0.018679 1.072520
0.018846 1.072408
0.019013 1.072294
0.019179 1.072179
0.019346 1.072063
0.019513 1.071946
0.019680 1.071827
0.019847 1.071708
0.020013 1.071587
0.020180 1.071465
0.020347 1.071341
0.020514 1.071217
0.020680 1.071091
0.020847 1.070964
0.021014 1.070836
0.021181 1.070706
0.021348 1.070575
0.021514 1.070443
0.021681 1.070310
0.021848 1.070175
0.022015 1.070039
0.022181 1.069902
0.022348 1.069763
0.022515 1.069624
0.022682 1.069482
0.022849 1.069340
0.023015 1.069196
0.023182 1.069051
0.023349 1.068905
0.023516 1.068757
0.023682 1.068608
0.023849 1.068458
0.024016 1.068306
0.024183 1.068153
0.024350 1.067998
0.024516 1.067842
0.024683 1.067685
0.024850 1.067527
0.025017 1.067367
0.025183 1.067205
0.025350 1.067042
0.025517 1.066878
0.025684 1.066713
0.025851 1.066546
0.026017 1.066377
0.026184 1.066207
0.026351 1.066036
0.026518 1.065863
0.026684 1.065689
0.026851 1.065513
0.027018 1.065336
0.027185 1.065158
0.027352 1.064978
0.027518 1.064796
0.027685 1.064613
0.027852 1.064429
0.028019 1.064243
0.028185 1.064055
0.028352 1.063866
0.028519 1.063676
0.028686 1.063484
0.028853 1.063290
0.029019 1.063095
0.029186 1.062898
0.029353 1.062700
0.029520 1.062500
0.029686 1.062299
0.029853 1.062096
0.030020 1.061891
0.030187 1.061685
0.030354 1.061478
0.030520 1.061268
0.030687 1.061058
0.030854 1.060845
0.031021 1.060631
0.031187 1.060415
0.031354 1.060198
0.031521 1.059979
0.031688 1.059758
0.031855 1.059536
0.032021 1.059312
0.032188 1.059086
0.032355 1.058859
0.032522 1.058630
0.032688 1.058399
0.032855 1.058167
0.033022 1.057933
0.033189 1.057697
0.033356 1.057459
0.033522 1.057220
0.033689 1.056979
0.033856 1.056736
0.034023 1.056492
0.034189 1.056246
0.034356 1.055998
0.034523 1.055748
0.034690 1.055496
0.034857 1.055243
0.035023 1.054988
0.035190 1.054731
0.035357 1.054472
0.035524 1.054212
0.035690 1.053949
0.035857 1.053685
0.036024 1.053419
0.036191 1.053151
0.036358 1.052882
0.036524 1.052610
0.036691 1.052337
0.036858 1.052061
0.037025 1.051784
0.037191 1.051505
0.037358 1.051224
0.037525 1.050941
0.037692 1.050656
0.037859 1.050370
0.038025 1.050081
0.038192 1.049791
0.038359 1.049498
0.038526 1.049204
0.038692 1.048907
0.038859 1.048609
0.039026 1.048309
0.039193 1.048006
0.039360 1.047702
0.039526 1.047396
0.039693 1.047088
0.039860 1.046777
0.040027 1.046465
0.040193 1.046151
0.040360 1.045834
0.040527 1.045516
0.040694 1.045196
0.040861 1.044873
0.041027 1.044549
0.041194 1.044222
0.041361 1.043893
0.041528 1.043562
0.041694 1.043230
0.041861 1.042895
0.042028 1.042558
0.042195 1.042218
0.042362 1.041877
0.042528 1.041534
0.042695 1.041188
0.042862 1.040840
0.043029 1.040491
0.043195 1.040139
0.043362 1.039784
0.043529 1.039428
0.043696 1.039069
0.043863 1.038709
0.044029 1.038346
0.044196 1.037981
0.044363 1.037613
0.044530 1.037244
0.044696 1.036872
0.044863 1.036498
0.045030 1.036122
0.045197 1.035743
0.045364 1.035362
0.045530 1.034979
0.045697 1.034594
0.045864 1.034206
0.046031 1.033816
0.046197 1.033424
0.046364 1.033030
0.046531 1.032633
0.046698 1.032234
0.046865 1.031832
0.047031 1.031429
0.047198 1.031023
0.047365 1.030614
0.047532 1.030203
0.047698 1.029790
0.047865 1.029375
0.048032 1.028957
0.048199 1.028536
0.048366 1.028114
0.048532 1.027688
0.048699 1.027261
0.048866 1.026831
0.049033 1.026399
0.049199 1.025964
0.049366 1.025527
0.049533 1.025087
0.049700 1.024645
0.049867 1.024200
0.050033 1.023753
0.050200 1.023304
0.050367 1.022852
0.050534 1.022397
0.050700 1.021940
0.050867 1.021481
0.051034 1.021019
0.051201 1.020554
0.051368 1.020087
0.051534 1.019617
0.051701 1.019145
0.051868 1.018671
0.052035 1.018193
0.052201 1.017714
0.052368 1.017231
0.052535 1.016746
0.052702 1.016259
0.052869 1.015769
0.053035 1.015276
0.053202 1.014781
0.053369 1.014283
0.053536 1.013782
0.053702 1.013279
0.053869 1.012773
0.054036 1.012265
0.054203 1.011754
0.054370 1.011240
0.054536 1.010724
0.054703 1.010205
0.054870 1.009683
0.055037 1.009159
0.055203 1.008632
0.055370 1.008102
0.055537 1.007569
0.055704 1.007034
0.055871 1.006496
0.056037 1.005956
0.056204 1.005412
0.056371 1.004866
0.056538 1.004318
0.056704 1.003766
0.056871 1.003212
0.057038 1.002655
0.057205 1.002095
0.057372 1.001532
0.057538 1.000967
0.057705 1.000399
0.057872 0.999828
0.058039 0.999254
0.058205 0.998678
0.058372 0.998098
0.058539 0.997516
0.058706 0.996931
0.058873 0.996343
0.059039 0.995753
0.059206 0.995159
0.059373 0.994563
0.059540 0.993964
0.059706 0.993362
0.059873 0.992757
0.060040 0.992149
0.060207 0.991538
0.060374 0.990925
0.060540 0.990308
0.060707 0.989689
0.060874 0.989067
0.061041 0.988442
0.061207 0.987814
0.061374 0.987183
0.061541 0.986549
0.061708 0.985912
0.061875 0.985272
0.062041 0.984630
0.062208 0.983984
0.062375 0.983336
0.062542 0.982684
0.062708 0.982030
0.062875 0.981372
0.063042 0.980712
0.063209 0.980048
0.063376 0.979382
0.063542 0.978713
0.063709 0.978040
0.063876 0.977365
0.064043 0.976687
0.064209 0.976005
0.064376 0.975321
0.064543 0.974634
0.064710 0.973943
0.064877 0.973250
0.065043 0.972554
0.065210 0.971854
0.065377 0.971152
0.065544 0.970446
0.065710 0.969737
0.065877 0.969026
0.066044 0.968311
0.066211 0.967593
0.066378 0.966872
0.066544 0.966148
0.066711 0.965421
0.066878 0.964691
0.067045 0.963958
0.067211 0.963222
0.067378 0.962482
0.067545 0.961740
0.067712 0.960994
0.067879 0.960246
0.068045 0.959494
0.068212 0.958739
0.068379 0.957981
0.068546 0.957220
0.068712 0.956455
0.068879 0.955688
0.069046 0.954917
0.069213 0.954144
0.069380 0.953367
0.069546 0.952587
0.069713 0.951804
0.069880 0.951018
0.070047 0.950228
0.070213 0.949436
0.070380 0.948640
0.070547 0.947841
0.070714 0.947039
0.070881 0.946233
0.071047 0.945425
0.071214 0.944613
0.071381 0.943799
0.071548 0.942981
0.071714 0.942159
0.071881 0.941335
0.072048 0.940507
0.072215 0.939677
0.072382 0.938843
0.072548 0.938005
0.072715 0.937165
0.072882 0.936321
0.073049 0.935475
0.073215 0.934624
0.073382 0.933771
0.073549 0.932915
0.073716 0.932055
0.073883 0.931192
0.074049 0.930326
0.074216 0.929457
0.074383 0.928584
0.074550 0.927708
0.074716 0.926829
0.074883 0.925947
0.075050 0.925061
0.075217 0.924172
0.075384 0.923280
0.075550 0.922385
0.075717 0.921486
0.075884 0.920585
0.076051 0.919680
0.076217 0.918771
0.076384 0.917860
0.076551 0.916945
0.076718 0.916027
0.076885 0.915105
0.077051 0.914181
0.077218 0.913253
0.077385 0.912322
0.077552 0.911388
0.077718 0.910450
0.077885 0.909509
0.078052 0.908565
0.078219 0.907617
0.078386 0.906667
0.078552 0.905713
0.078719 0.904755
0.078886 0.903795
0.079053 0.902831
0.079219 0.901864
0.079386 0.900894
0.079553 0.899920
0.079720 0.898943
0.079887 0.897963
0.080053 0.896980
0.080220 0.895993
0.080387 0.895003
0.080554 0.894010
0.080720 0.893013
0.080887 0.892013
0.081054 0.891010
0.081221 0.890004
0.081388 0.888994
0.081554 0.887981
0.081721 0.886965
0.081888 0.885945
0.082055 0.884923
0.082221 0.883897
0.082388 0.882867
0.082555 0.881835
0.082722 0.880799
0.082889 0.879760
0.083055 0.878718
0.083222 0.877672
0.083389 0.876623
0.083556 0.875571
0.083722 0.874515
0.083889 0.873457
0.084056 0.872395
0.084223 0.871329
0.084390 0.870261
0.084556 0.869189
0.084723 0.868114
0.084890 0.867036
0.085057 0.865954
0.085223 0.864870
0.085390 0.863782
0.085557 0.862690
0.085724 0.861596
0.085891 0.860498
0.086057 0.859397
0.086224 0.858293
0.086391 0.857185
0.086558 0.856074
0.086724 0.854960
0.086891 0.853843
0.087058 0.852723
0.087225 0.851599
0.087392 0.850472
0.087558 0.849342
0.087725 0.848209
0.087892 0.847072
0.088059 0.845932
0.088225 0.844789
0.088392 0.843643
0.088559 0.842494
0.088726 0.841341
0.088893 0.840185
0.089059 0.839026
0.089226 0.837864
0.089393 0.836699
0.089560 0.835530
0.089726 0.834358
0.089893 0.833183
0.090060 0.832005
0.090227 0.830824
0.090394 0.829639
0.090560 0.828451
0.090727 0.827261
0.090894 0.826067
0.091061 0.824869
0.091227 0.823669
0.091394 0.822466
0.091561 0.821259
0.091728 0.820049
0.091895 0.818836
0.092061 0.817620
0.092228 0.816401
0.092395 0.815179
0.092562 0.813953
0.092728 0.812725
0.092895 0.811493
0.093062 0.810259
0.093229 0.809021
0.093396 0.807780
0.093562 0.806536
0.093729 0.805289
0.093896 0.804039
0.094063 0.802785
0.094229 0.801529
0.094396 0.800270
0.094563 0.799007
0.094730 0.797742
0.094897 0.796473
0.095063 0.795201
0.095230 0.793927
0.095397 0.792649
0.095564 0.791368
0.095730 0.790085
0.095897 0.788798
0.096064 0.787508
0.096231 0.786215
0.096398 0.784920
0.096564 0.783621
0.096731 0.782319
0.096898 0.781014
0.097065 0.779707
0.097231 0.778396
0.097398 0.777082
0.097565 0.775766
0.097732 0.774446
0.097899 0.773124
0.098065 0.771798
0.098232 0.770470
0.098399 0.769139
0.098566 0.767805
0.098732 0.766468
0.098899 0.765128
0.099066 0.763785
0.099233 0.762439
0.099400 0.761090
0.099566 0.759739
0.099733 0.758384
0.099900 0.757027
0.100067 0.755667
0.100233 0.754304
0.100400 0.752939
0.100567 0.751570
0.100734 0.750199
0.100901 0.748824
0.101067 0.747447
0.101234 0.746067
0.101401 0.744685
0.101568 0.743300
0.101734 0.741911
0.101901 0.740520
0.102068 0.739127
0.102235 0.737730
0.102402 0.736331
0.102568 0.734929
0.102735 0.733525
0.102902 0.732117
0.103069 0.730707
0.103235 0.729295
0.103402 0.727879
0.103569 0.726461
0.103736 0.725040
0.103903 0.723617
0.104069 0.722191
0.104236 0.720762
0.104403 0.719331
0.104570 0.717897
0.104736 0.716460
0.104903 0.715021
0.105070 0.713579
0.105237 0.712135
0.105404 0.710688
0.105570 0.709239
0.105737 0.707786
0.105904 0.706332
0.106071 0.704875
0.106237 0.703415
0.106404 0.701953
0.106571 0.700488
0.106738 0.699021
0.106905 0.697551
0.107071 0.696079
0.107238 0.694604
0.107405 0.693127
0.107572 0.691648
0.107738 0.690166
0.107905 0.688681
0.108072 0.687195
0.108239 0.685705
0.108406 0.684214
0.108572 0.682720
0.108739 0.681223
0.108906 0.679724
0.109073 0.678223
0.109239 0.676720
0.109406 0.675214
0.109573 0.673706
0.109740 0.672196
0.109907 0.670683
0.110073 0.669168
0.110240 0.667651
0.110407 0.666131
0.110574 0.664609
0.110740 0.663085
0.110907 0.661559
0.111074 0.660031
0.111241 0.658500
0.111408 0.656967
0.111574 0.655432
0.111741 0.653895
0.111908 0.652356
0.112075 0.650814
0.112241 0.649270
0.112408 0.647725
0.112575 0.646177
0.112742 0.644627
0.112909 0.643075
0.113075 0.641521
0.113242 0.639964
0.113409 0.638406
0.113576 0.636846
0.113742 0.635284
0.113909 0.633719
0.114076 0.632153
0.114243 0.630585
0.114410 0.629014
0.114576 0.627442
0.114743 0.625868
0.114910 0.624292
0.115077 0.622714
0.115243 0.621134
0.115410 0.619552
0.115577 0.617968
0.115744 0.616383
0.115911 0.614795
0.116077 0.613206
0.116244 0.611615
0.116411 0.610022
0.116578 0.608427
0.116744 0.606831
0.116911 0.605232
0.117078 0.603632
0.117245 0.602031
0.117412 0.600427
0.117578 0.598822
0.117745 0.597215
0.117912 0.595606
0.118079 0.593996
0.118245 0.592384
0.118412 0.590770
0.118579 0.589155
0.118746 0.587538
0.118913 0.585919
0.119079 0.584299
0.119246 0.582677
0.119413 0.581054
0.119580 0.579429
0.119746 0.577803
0.119913 0.576175
0.120080 0.574546
0.120247 0.572915
0.120414 0.571282
0.120580 0.569648
0.120747 0.568013
0.120914 0.566376
0.121081 0.564738
0.121247 0.563099
0.121414 0.561458
0.121581 0.559815
0.121748 0.558172
0.121915 0.556527
0.122081 0.554880
0.122248 0.553233
0.122415 0.551583
0.122582 0.549933
0.122748 0.548282
0.122915 0.546629
0.123082 0.544975
0.123249 0.543319
0.123416 0.541663
0.123582 0.540005
0.123749 0.538346
0.123916 0.536686
0.124083 0.535025
0.124249 0.533363
0.124416 0.531699
0.124583 0.530035
0.124750 0.528369
0.124917 0.526702
0.125083 0.525035
0.125250 0.523366
0.125417 0.521696
0.125584 0.520025
0.125751 0.518353
0.125917 0.516680
0.126084 0.515007
0.126251 0.513332
0.126418 0.511656
0.126584 0.509980
0.126751 0.508302
0.126918 0.506624
0.127085 0.504945
0.127252 0.503265
0.127418 0.501584
0.127585 0.499902
0.127752 0.498219
0.127919 0.496536
0.128085 0.494852
0.128252 0.493167
0.128419 0.491482
0.128586 0.489795
0.128753 0.488108
0.128919 0.486421
0.129086 0.484732
0.129253 0.483043
0.129420 0.481354
0.129586 0.479664
0.129753 0.477973
0.129920 0.476281
0.130087 0.474589
0.130254 0.472897
0.130420 0.471204
0.130587 0.469510
0.130754 0.467816
0.130921 0.466121
0.131087 0.464426
0.131254 0.462731
0.131421 0.461035
0.131588 0.459339
0.131755 0.457642
0.131921 0.455945
0.132088 0.454247
0.132255 0.452549
0.132422 0.450851
0.132588 0.449153
0.132755 0.447454
0.132922 0.445755
0.133089 0.444056
0.133256 0.442356
0.133422 0.440656
0.133589 0.438956
0.133756 0.437256
0.133923 0.435556
0.134089 0.433855
0.134256 0.432154
0.134423 0.430453
0.134590 0.428753
0.134757 0.427052
0.134923 0.425350
0.135090 0.423649
0.135257 0.421948
0.135424 0.420247
0.135590 0.418546
0.135757 0.416845
0.135924 0.415143
0.136091 0.413442
0.136258 0.411741
0.136424 0.410040
0.136591 0.408339
0.136758 0.406639
0.136925 0.404938
0.137091 0.403238
0.137258 0.401537
0.137425 0.399837
0.137592 0.398137
0.137759 0.396438
0.137925 0.394738
0.138092 0.393039
0.138259 0.391340
0.138426 0.389642
0.138592 0.387944
0.138759 0.386246
0.138926 0.384548
0.139093 0.382851
0.139260 0.381154
0.139426 0.379458
0.139593 0.377762
0.139760 0.376066
0.139927 0.374371
0.140093 0.372676
0.140260 0.370982
0.140427 0.369289
0.140594 0.367596
0.140761 0.365903
0.140927 0.364211
0.141094 0.362520
0.141261 0.360829
0.141428 0.359139
0.141594 0.357449
0.141761 0.355760
0.141928 0.354072
0.142095 0.352385
0.142262 0.350698
0.142428 0.349012
0.142595 0.347326
0.142762 0.345642
0.142929 0.343958
0.143095 0.342275
0.143262 0.340593
0.143429 0.338911
0.143596 0.337231
0.143763 0.335551
0.143929 0.333872
0.144096 0.332195
0.144263 0.330518
0.144430 0.328842
0.144596 0.327167
0.144763 0.325493
0.144930 0.323820
0.145097 0.322147
0.145264 0.320476
0.145430 0.318806
0.145597 0.317138
0.145764 0.315470
0.145931 0.313803
0.146097 0.312137
0.146264 0.310473
0.146431 0.308810
0.146598 0.307147
0.146765 0.305486
0.146931 0.303827
0.147098 0.302168
0.147265 0.300511
0.147432 0.298855
0.147598 0.297200
0.147765 0.295547
0.147932 0.293895
0.148099 0.292244
0.148266 0.290594
0.148432 0.288946
0.148599 0.287300
0.148766 0.285654
0.148933 0.284010
0.149099 0.282368
0.149266 0.280727
0.149433 0.279088
0.149600 0.277450
0.149767 0.275813
0.149933 0.274178
0.150100 0.272545
0.150267 0.270913
0.150434 0.269283
0.150600 0.267654
0.150767 0.266027
0.150934 0.264401
0.151101 0.262778
0.151268 0.261155
0.151434 0.259535
0.151601 0.257916
0.151768 0.256299
0.151935 0.254684
0.152101 0.253071
0.152268 0.251459
0.152435 0.249849
0.152602 0.248241
0.152769 0.246634
0.152935 0.245030
0.153102 0.243427
0.153269 0.241826
0.153436 0.240228
0.153602 0.238631
0.153769 0.237036
0.153936 0.235443
0.154103 0.233851
0.154270 0.232262
0.154436 0.230675
0.154603 0.229090
0.154770 0.227507
0.154937 0.225926
0.155103 0.224347
0.155270 0.222770
0.155437 0.221195
0.155604 0.219623
0.155771 0.218052
0.155937 0.216484
0.156104 0.214917
0.156271 0.213353
0.156438 0.211792
0.156604 0.210232
0.156771 0.208674
0.156938 0.207119
0.157105 0.205566
0.157272 0.204016
0.157438 0.202467
0.157605 0.200921
0.157772 0.199378
0.157939 0.197837
0.158105 0.196298
0.158272 0.194761
0.158439 0.193227
0.158606 0.191695
0.158773 0.190166
0.158939 0.188639
0.159106 0.187114
0.159273 0.185593
0.159440 0.184073
0.159606 0.182556
0.159773 0.181042
0.159940 0.179530
0.160107 0.178021
0.160274 0.176514
0.160440 0.175010
0.160607 0.173508
0.160774 0.172009
0.160941 0.170513
0.161107 0.169019
0.161274 0.167528
0.161441 0.166040
0.161608 0.164555
0.161775 0.163072
0.161941 0.161592
0.162108 0.160114
0.162275 0.158640
0.162442 0.157168
0.162608 0.155699
0.162775 0.154233
0.162942 0.152769
0.163109 0.151309
0.163276 0.149851
0.163442 0.148396
0.163609 0.146945
0.163776 0.145496
0.163943 0.144049
0.164109 0.142606
0.164276 0.141166
0.164443 0.139729
0.164610 0.138295
0.164777 0.136863
0.164943 0.135435
0.165110 0.134010
0.165277 0.132587
0.165444 0.131168
0.165610 0.129752
0.165777 0.128339
0.165944 0.126929
0.166111 0.125522
0.166278 0.124119
0.166444 0.122718
0.166611 0.121321
0.166778 0.119926
0.166945 0.118535
0.167111 0.117148
0.167278 0.115763
0.167445 0.114381
0.167612 0.113003
0.167779 0.111628
0.167945 0.110257
0.168112 0.108888
0.168279 0.107523
0.168446 0.106161
0.168612 0.104803
0.168779 0.103448
0.168946 0.102096
0.169113 0.100747
0.169280 0.099402
0.169446 0.098060
0.169613 0.096722
0.169780 0.095387
0.169947 0.094056
0.170113 0.092728
0.170280 0.091403
0.170447 0.090082
0.170614 0.088765
0.170781 0.087450
0.170947 0.086140
0.171114 0.084833
0.171281 0.083529
0.171448 0.082229
0.171614 0.080933
0.171781 0.079640
0.171948 0.078350
0.172115 0.077065
0.172282 0.075782
0.172448 0.074504
0.172615 0.073229
0.172782 0.071958
0.172949 0.070690
0.173115 0.069426
0.173282 0.068166
0.173449 0.066909
0.173616 0.065657
0.173783 0.064407
0.173949 0.063162
0.174116 0.061920
0.174283 0.060682
0.174450 0.059448
0.174616 0.058218
0.174783 0.056991
0.174950 0.055768
0.175117 0.054549
0.175284 0.053334
0.175450 0.052123
0.175617 0.050915
0.175784 0.049712
0.175951 0.048512
0.176117 0.047316
0.176284 0.046124
0.176451 0.044936
0.176618 0.043752
0.176785 0.042571
0.176951 0.041395
0.177118 0.040222
0.177285 0.039054
0.177452 0.037889
0.177618 0.036729
0.177785 0.035572
0.177952 0.034419
0.178119 0.033271
0.178286 0.032126
0.178452 0.030985
0.178619 0.029849
0.178786 0.028716
0.178953 0.027588
0.179119 0.026463
0.179286 0.025343
0.179453 0.024227
0.179620 0.023115
0.179787 0.022006
0.179953 0.020902
0.180120 0.019802
0.180287 0.018707
0.180454 0.017615
0.180620 0.016528
0.180787 0.015444
0.180954 0.014365
0.181121 0.013290
0.181288 0.012219
0.181454 0.011153
0.181621 0.010090
0.181788 0.009032
0.181955 0.007978
0.182121 0.006928
0.182288 0.005882
0.182455 0.004841
0.182622 0.003804
0.182789 0.002771
0.182955 0.001742
0.183122 0.000718
0.183289 -0.000302
0.183456 -0.001318
0.183622 -0.002329
0.183789 -0.003337
0.183956 -0.004339
0.184123 -0.005338
0.184290 -0.006332
0.184456 -0.007322
0.184623 -0.008308
0.184790 -0.009289
0.184957 -0.010266
0.185123 -0.011239
0.185290 -0.012207
0.185457 -0.013170
0.185624 -0.014130
0.185791 -0.015085
0.185957 -0.016036
0.186124 -0.016982
0.186291 -0.017924
0.186458 -0.018861
0.186624 -0.019794
0.186791 -0.020723
0.186958 -0.021647
0.187125 -0.022567
0.187292 -0.023482
0.187458 -0.024393
0.187625 -0.025299
0.187792 -0.026201
0.187959 -0.027099
0.188125 -0.027992
0.188292 -0.028880
0.188459 -0.029765
0.188626 -0.030644
0.188793 -0.031519
0.188959 -0.032390
0.189126 -0.033256
0.189293 -0.034118
0.189460 -0.034975
0.189626 -0.035827
0.189793 -0.036675
0.189960 -0.037519
0.190127 -0.038358
0.190294 -0.039192
0.190460 -0.040022
0.190627 -0.040848
0.190794 -0.041668
0.190961 -0.042485
0.191127 -0.043296
0.191294 -0.044104
0.191461 -0.044906
0.191628 -0.045704
0.191795 -0.046498
0.191961 -0.047287
0.192128 -0.048071
0.192295 -0.048851
0.192462 -0.049626
0.192628 -0.050397
0.192795 -0.051163
0.192962 -0.051924
0.193129 -0.052681
0.193296 -0.053433
0.193462 -0.054181
0.193629 -0.054924
0.193796 -0.055662
0.193963 -0.056396
0.194129 -0.057125
0.194296 -0.057850
0.194463 -0.058569
0.194630 -0.059285
0.194797 -0.059995
0.194963 -0.060702
0.195130 -0.061403
0.195297 -0.062100
0.195464 -0.062792
0.195630 -0.063479
0.195797 -0.064162
0.195964 -0.064841
0.196131 -0.065514
0.196298 -0.066183
0.196464 -0.066848
0.196631 -0.067507
0.196798 -0.068162
0.196965 -0.068813
0.197131 -0.069459
0.197298 -0.070100
0.197465 -0.070736
0.197632 -0.071368
0.197799 -0.071995
0.197965 -0.072618
0.198132 -0.073236
0.198299 -0.073849
0.198466 -0.074458
0.198632 -0.075062
0.198799 -0.075661
0.198966 -0.076255
0.199133 -0.076845
0.199300 -0.077431
0.199466 -0.078011
0.199633 -0.078588
0.199800 -0.079159
0.199967 -0.079726
0.200133 -0.080288
0.200300 -0.080845
0.200467 -0.081398
0.200634 -0.081946
0.200801 -0.082490
0.200967 -0.083028
0.201134 -0.083563
0.201301 -0.084092
0.201468 -0.084617
0.201634 -0.085137
0.201801 -0.085653
0.201968 -0.086164
0.202135 -0.086670
0.202302 -0.087172
0.202468 -0.087669
0.202635 -0.088162
0.202802 -0.088649
0.202969 -0.089133
0.203135 -0.089611
0.203302 -0.090085
0.203469 -0.090554
0.203636 -0.091019
0.203803 -0.091479
0.203969 -0.091935
0.204136 -0.092386
0.204303 -0.092832
0.204470 -0.093273
0.204636 -0.093710
0.204803 -0.094143
0.204970 -0.094571
0.205137 -0.094994
0.205304 -0.095413
0.205470 -0.095827
0.205637 -0.096236
0.205804 -0.096641
0.205971 -0.097041
0.206137 -0.097437
0.206304 -0.097828
0.206471 -0.098215
0.206638 -0.098597
0.206805 -0.098974
0.206971 -0.099347
0.207138 -0.099715
0.207305 -0.100079
0.207472 -0.100438
0.207638 -0.100793
0.207805 -0.101143
0.207972 -0.101489
0.208139 -0.101830
0.208306 -0.102166
0.208472 -0.102499
0.208639 -0.102826
0.208806 -0.103149
0.208973 -0.103468
0.209139 -0.103782
0.209306 -0.104091
0.209473 -0.104396
0.209640 -0.104697
0.209807 -0.104993
0.209973 -0.105284
0.210140 -0.105572
0.210307 -0.105854
0.210474 -0.106132
0.210640 -0.106406
0.210807 -0.106675
0.210974 -0.106940
0.211141 -0.107201
0.211308 -0.107457
0.211474 -0.107708
0.211641 -0.107955
0.211808 -0.108198
0.211975 -0.108437
0.212141 -0.108671
0.212308 -0.108900
0.212475 -0.109125
0.212642 -0.109346
0.212809 -0.109563
0.212975 -0.109775
0.213142 -0.109982
0.213309 -0.110186
0.213476 -0.110385
0.213642 -0.110579
0.213809 -0.110770
0.213976 -0.110956
0.214143 -0.111137
0.214310 -0.111315
0.214476 -0.111488
0.214643 -0.111657
0.214810 -0.111821
0.214977 -0.111981
0.215143 -0.112137
0.215310 -0.112289
0.215477 -0.112437
0.215644 -0.112580
0.215811 -0.112719
0.215977 -0.112854
0.216144 -0.112984
0.216311 -0.113110
0.216478 -0.113233
0.216644 -0.113350
0.216811 -0.113464
0.216978 -0.113574
0.217145 -0.113679
0.217312 -0.113780
0.217478 -0.113877
0.217645 -0.113970
0.217812 -0.114059
0.217979 -0.114144
0.218145 -0.114224
0.218312 -0.114301
0.218479 -0.114373
0.218646 -0.114441
0.218813 -0.114505
0.218979 -0.114566
0.219146 -0.114622
0.219313 -0.114674
0.219480 -0.114722
0.219646 -0.114765
0.219813 -0.114805
0.219980 -0.114841
0.220147 -0.114873
0.220314 -0.114901
0.220480 -0.114925
0.220647 -0.114945
0.220814 -0.114961
0.220981 -0.114973
0.221147 -0.114981
0.221314 -0.114985
0.221481 -0.114985
0.221648 -0.114981
0.221815 -0.114974
0.221981 -0.114962
0.222148 -0.114947
0.222315 -0.114928
0.222482 -0.114905
0.222648 -0.114878
0.222815 -0.114847
0.222982 -0.114812
0.223149 -0.114774
0.223316 -0.114732
0.223482 -0.114686
0.223649 -0.114636
0.223816 -0.114582
0.223983 -0.114525
0.224149 -0.114464
0.224316 -0.114399
0.224483 -0.114331
0.224650 -0.114259
0.224817 -0.114183
0.224983 -0.114103
0.225150 -0.114020
0.225317 -0.113933
0.225484 -0.113842
0.225650 -0.113748
0.225817 -0.113650
0.225984 -0.113549
0.226151 -0.113444
0.226318 -0.113335
0.226484 -0.113223
0.226651 -0.113107
0.226818 -0.112988
0.226985 -0.112865
0.227151 -0.112738
0.227318 -0.112608
0.227485 -0.112475
0.227652 -0.112338
0.227819 -0.112198
0.227985 -0.112054
0.228152 -0.111907
0.228319 -0.111756
0.228486 -0.111602
0.228652 -0.111444
0.228819 -0.111283
0.228986 -0.111119
0.229153 -0.110951
0.229320 -0.110780
0.229486 -0.110605
0.229653 -0.110428
0.229820 -0.110246
0.229987 -0.110062
0.230153 -0.109874
0.230320 -0.109683
0.230487 -0.109489
0.230654 -0.109292
0.230821 -0.109091
0.230987 -0.108887
0.231154 -0.108680
0.231321 -0.108469
0.231488 -0.108256
0.231654 -0.108039
0.231821 -0.107819
0.231988 -0.107596
0.232155 -0.107370
0.232322 -0.107141
0.232488 -0.106909
0.232655 -0.106673
0.232822 -0.106435
0.232989 -0.106193
0.233155 -0.105949
0.233322 -0.105701
0.233489 -0.105450
0.233656 -0.105197
0.233823 -0.104940
0.233989 -0.104681
0.234156 -0.104418
0.234323 -0.104153
0.234490 -0.103884
0.234656 -0.103613
0.234823 -0.103339
0.234990 -0.103062
0.235157 -0.102782
0.235324 -0.102499
0.235490 -0.102213
0.235657 -0.101925
0.235824 -0.101634
0.235991 -0.101340
0.236157 -0.101043
0.236324 -0.100743
0.236491 -0.100441
0.236658 -0.100136
0.236825 -0.099828
0.236991 -0.099518
0.237158 -0.099205
0.237325 -0.098889
0.237492 -0.098571
0.237658 -0.098250
0.237825 -0.097926
0.237992 -0.097600
0.238159 -0.097271
0.238326 -0.096939
0.238492 -0.096605
0.238659 -0.096269
0.238826 -0.095930
0.238993 -0.095588
0.239159 -0.095244
0.239326 -0.094898
0.239493 -0.094549
0.239660 -0.094197
0.239827 -0.093843
0.239993 -0.093487
0.240160 -0.093128
0.240327 -0.092767
0.240494 -0.092404
0.240660 -0.092038
0.240827 -0.091670
0.240994 -0.091299
0.241161 -0.090927
0.241328 -0.090552
0.241494 -0.090174
0.241661 -0.089795
0.241828 -0.089413
0.241995 -0.089029
0.242161 -0.088643
0.242328 -0.088254
0.242495 -0.087864
0.242662 -0.087471
0.242829 -0.087076
0.242995 -0.086679
0.243162 -0.086280
0.243329 -0.085879
0.243496 -0.085476
0.243662 -0.085070
0.243829 -0.084663
0.243996 -0.084253
0.244163 -0.083842
0.244330 -0.083429
0.244496 -0.083013
0.244663 -0.082596
0.244830 -0.082177
0.244997 -0.081756
0.245163 -0.081333
0.245330 -0.080908
0.245497 -0.080481
0.245664 -0.080052
0.245831 -0.079622
0.245997 -0.079189
0.246164 -0.078755
0.246331 -0.078319
0.246498 -0.077881
0.246664 -0.077442
0.246831 -0.077001
0.246998 -0.076558
0.247165 -0.076113
0.247332 -0.075667
0.247498 -0.075219
0.247665 -0.074769
0.247832 -0.074318
0.247999 -0.073865
0.248165 -0.073410
0.248332 -0.072954
0.248499 -0.072497
0.248666 -0.072037
0.248833 -0.071577
0.248999 -0.071114
0.249166 -0.070651
0.249333 -0.070185
0.249500 -0.069719
0.249666 -0.069251
0.249833 -0.068781
0.250000 -0.068310
