0.000000 0.990399
0.000167 0.990433
0.000334 0.990534
0.000500 0.990701
0.000667 0.990934
0.000834 0.991231
0.001001 0.991589
0.001167 0.992006
0.001334 0.992480
0.001501 0.993006
0.001668 0.993582
0.001835 0.994203
0.002001 0.994864
0.002168 0.995562
0.002335 0.996291
0.002502 0.997046
0.002668 0.997822
0.002835 0.998613
0.003002 0.999414
0.003169 1.000220
0.003336 1.001024
0.003502 1.001820
0.003669 1.002605
0.003836 1.003371
0.004003 1.004113
0.004169 1.004827
0.004336 1.005507
0.004503 1.006148
0.004670 1.006746
0.004837 1.007297
0.005003 1.007797
0.005170 1.008242
0.005337 1.008630
0.005504 1.008956
0.005670 1.009220
0.005837 1.009419
0.006004 1.009552
0.006171 1.009618
0.006338 1.009617
0.006504 1.009547
0.006671 1.009411
0.006838 1.009208
0.007005 1.008941
0.007171 1.008611
0.007338 1.008220
0.007505 1.007771
0.007672 1.007267
0.007839 1.006712
0.008005 1.006110
0.008172 1.005465
0.008339 1.004781
0.008506 1.004063
0.008672 1.003316
0.008839 1.002546
0.009006 1.001757
0.009173 1.000956
0.009340 1.000148
0.009506 0.999338
0.009673 0.998533
0.009840 0.997737
0.010007 0.996958
0.010173 0.996199
0.010340 0.995466
0.010507 0.994765
0.010674 0.994101
0.010841 0.993478
0.011007 0.992900
0.011174 0.992372
0.011341 0.991897
0.011508 0.991479
0.011674 0.991121
0.011841 0.990824
0.012008 0.990593
0.012175 0.990427
0.012342 0.990328
0.012508 0.990297
0.012675 0.990335
0.012842 0.990440
0.013009 0.990613
0.013175 0.990852
0.013342 0.991155
0.013509 0.991521
0.013676 0.991946
0.013843 0.992429
0.014009 0.992965
0.014176 0.993550
0.014343 0.994182
0.014510 0.994854
0.014676 0.995564
0.014843 0.996305
0.015010 0.997072
0.015177 0.997861
0.015344 0.998665
0.015510 0.999479
0.015677 1.000297
0.015844 1.001114
0.016011 1.001924
0.016177 1.002720
0.016344 1.003498
0.016511 1.004253
0.016678 1.004977
0.016845 1.005668
0.017011 1.006319
0.017178 1.006926
0.017345 1.007485
0.017512 1.007991
0.017678 1.008442
0.017845 1.008834
0.018012 1.009164
0.018179 1.009430
0.018346 1.009630
0.018512 1.009763
0.018679 1.009827
0.018846 1.009821
0.019013 1.009747
0.019179 1.009604
0.019346 1.009394
0.019513 1.009117
0.019680 1.008776
0.019847 1.008373
0.020013 1.007911
0.020180 1.007392
0.020347 1.006821
0.020514 1.006202
0.020680 1.005539
0.020847 1.004835
0.021014 1.004098
0.021181 1.003330
0.021348 1.002539
0.021514 1.001729
0.021681 1.000906
0.021848 1.000075
0.022015 0.999244
0.022181 0.998417
0.022348 0.997600
0.022515 0.996799
0.022682 0.996020
0.022849 0.995268
0.023015 0.994548
0.023182 0.993866
0.023349 0.993227
0.023516 0.992634
0.023682 0.992093
0.023849 0.991606
0.024016 0.991178
0.024183 0.990812
0.024350 0.990509
0.024516 0.990274
0.024683 0.990106
0.024850 0.990008
0.025017 0.989979
0.025183 0.990022
0.025350 0.990134
0.025517 0.990316
0.025684 0.990567
0.025851 0.990884
0.026017 0.991265
0.026184 0.991708
0.026351 0.992211
0.026518 0.992768
0.026684 0.993377
0.026851 0.994034
0.027018 0.994733
0.027185 0.995470
0.027352 0.996240
0.027518 0.997038
0.027685 0.997857
0.027852 0.998693
0.028019 0.999538
0.028185 1.000388
0.028352 1.001237
0.028519 1.002078
0.028686 1.002905
0.028853 1.003713
0.029019 1.004497
0.029186 1.005249
0.029353 1.005966
0.029520 1.006642
0.029686 1.007272
0.029853 1.007851
0.030020 1.008377
0.030187 1.008844
0.030354 1.009250
0.030520 1.009591
0.030687 1.009865
0.030854 1.010070
0.031021 1.010205
0.031187 1.010268
0.031354 1.010259
0.031521 1.010178
0.031688 1.010025
0.031855 1.009801
0.032021 1.009508
0.032188 1.009148
0.032355 1.008723
0.032522 1.008235
0.032688 1.007690
0.032855 1.007089
0.033022 1.006437
0.033189 1.005739
0.033356 1.005000
0.033522 1.004224
0.033689 1.003417
0.033856 1.002585
0.034023 1.001733
0.034189 1.000868
0.034356 0.999995
0.034523 0.999121
0.034690 0.998251
0.034857 0.997393
0.035023 0.996551
0.035190 0.995732
0.035357 0.994942
0.035524 0.994186
0.035690 0.993469
0.035857 0.992797
0.036024 0.992175
0.036191 0.991607
0.036358 0.991096
0.036524 0.990648
0.036691 0.990264
0.036858 0.989949
0.037025 0.989703
0.037191 0.989529
0.037358 0.989429
0.037525 0.989403
0.037692 0.989451
0.037859 0.989574
0.038025 0.989771
0.038192 0.990039
0.038359 0.990379
0.038526 0.990786
0.038692 0.991259
0.038859 0.991795
0.039026 0.992389
0.039193 0.993038
0.039360 0.993738
0.039526 0.994483
0.039693 0.995268
0.039860 0.996087
0.040027 0.996937
0.040193 0.997809
0.040360 0.998698
0.040527 0.999599
0.040694 1.000504
0.040861 1.001407
0.041027 1.002302
0.041194 1.003183
0.041361 1.004044
0.041528 1.004877
0.041694 1.005679
0.041861 1.006441
0.042028 1.007161
0.042195 1.007831
0.042362 1.008447
0.042528 1.009006
0.042695 1.009502
0.042862 1.009932
0.043029 1.010294
0.043195 1.010584
0.043362 1.010800
0.043529 1.010940
0.043696 1.011004
0.043863 1.010990
0.044029 1.010899
0.044196 1.010731
0.044363 1.010488
0.044530 1.010170
0.044696 1.009779
0.044863 1.009319
0.045030 1.008792
0.045197 1.008202
0.045364 1.007553
0.045530 1.006850
0.045697 1.006096
0.045864 1.005298
0.046031 1.004460
0.046197 1.003590
0.046364 1.002691
0.046531 1.001772
0.046698 1.000838
0.046865 0.999896
0.047031 0.998953
0.047198 0.998014
0.047365 0.997087
0.047532 0.996178
0.047698 0.995294
0.047865 0.994441
0.048032 0.993625
0.048199 0.992852
0.048366 0.992127
0.048532 0.991455
0.048699 0.990843
0.048866 0.990293
0.049033 0.989810
0.049199 0.989397
0.049366 0.989058
0.049533 0.988795
0.049700 0.988610
0.049867 0.988506
0.050033 0.988481
0.050200 0.988538
0.050367 0.988676
0.050534 0.988893
0.050700 0.989190
0.050867 0.989563
0.051034 0.990011
0.051201 0.990531
0.051368 0.991118
0.051534 0.991770
0.051701 0.992481
0.051868 0.993248
0.052035 0.994064
0.052201 0.994924
0.052368 0.995822
0.052535 0.996753
0.052702 0.997708
0.052869 0.998683
0.053035 0.999670
0.053202 1.000662
0.053369 1.001652
0.053536 1.002633
0.053702 1.003599
0.053869 1.004542
0.054036 1.005456
0.054203 1.006334
0.054370 1.007171
0.054536 1.007959
0.054703 1.008693
0.054870 1.009369
0.055037 1.009980
0.055203 1.010524
0.055370 1.010994
0.055537 1.011389
0.055704 1.011705
0.055871 1.011939
0.056037 1.012090
0.056204 1.012156
0.056371 1.012137
0.056538 1.012032
0.056704 1.011842
0.056871 1.011568
0.057038 1.011212
0.057205 1.010775
0.057372 1.010262
0.057538 1.009674
0.057705 1.009016
0.057872 1.008293
0.058039 1.007509
0.058205 1.006669
0.058372 1.005780
0.058539 1.004846
0.058706 1.003876
0.058873 1.002875
0.059039 1.001851
0.059206 1.000810
0.059373 0.999760
0.059540 0.998707
0.059706 0.997661
0.059873 0.996627
0.060040 0.995614
0.060207 0.994627
0.060374 0.993676
0.060540 0.992765
0.060707 0.991902
0.060874 0.991094
0.061041 0.990345
0.061207 0.989662
0.061374 0.989049
0.061541 0.988511
0.061708 0.988052
0.061875 0.987675
0.062041 0.987384
0.062208 0.987181
0.062375 0.987068
0.062542 0.987045
0.062708 0.987113
0.062875 0.987273
0.063042 0.987523
0.063209 0.987861
0.063376 0.988287
0.063542 0.988797
0.063709 0.989387
0.063876 0.990055
0.064043 0.990795
0.064209 0.991604
0.064376 0.992474
0.064543 0.993401
0.064710 0.994378
0.064877 0.995398
0.065043 0.996455
0.065210 0.997541
0.065377 0.998649
0.065544 0.999771
0.065710 1.000898
0.065877 1.002024
0.066044 1.003141
0.066211 1.004239
0.066378 1.005312
0.066544 1.006353
0.066711 1.007352
0.066878 1.008304
0.067045 1.009202
0.067211 1.010038
0.067378 1.010807
0.067545 1.011503
0.067712 1.012120
0.067879 1.012655
0.068045 1.013103
0.068212 1.013460
0.068379 1.013725
0.068546 1.013893
0.068712 1.013964
0.068879 1.013937
0.069046 1.013811
0.069213 1.013588
0.069380 1.013268
0.069546 1.012852
0.069713 1.012345
0.069880 1.011747
0.070047 1.011065
0.070213 1.010301
0.070380 1.009461
0.070547 1.008550
0.070714 1.007575
0.070881 1.006542
0.071047 1.005458
0.071214 1.004331
0.071381 1.003168
0.071548 1.001976
0.071714 1.000766
0.071881 0.999544
0.072048 0.998320
0.072215 0.997102
0.072382 0.995898
0.072548 0.994717
0.072715 0.993568
0.072882 0.992459
0.073049 0.991398
0.073215 0.990392
0.073382 0.989449
0.073549 0.988576
0.073716 0.987779
0.073883 0.987065
0.074049 0.986438
0.074216 0.985904
0.074383 0.985466
0.074550 0.985129
0.074716 0.984896
0.074883 0.984767
0.075050 0.984746
0.075217 0.984832
0.075384 0.985026
0.075550 0.985326
0.075717 0.985732
0.075884 0.986240
0.076051 0.986848
0.076217 0.987553
0.076384 0.988349
0.076551 0.989232
0.076718 0.990195
0.076885 0.991233
0.077051 0.992339
0.077218 0.993504
0.077385 0.994722
0.077552 0.995984
0.077718 0.997282
0.077885 0.998606
0.078052 0.999947
0.078219 1.001296
0.078386 1.002643
0.078552 1.003980
0.078719 1.005296
0.078886 1.006582
0.079053 1.007829
0.079219 1.009028
0.079386 1.010170
0.079553 1.011247
0.079720 1.012251
0.079887 1.013174
0.080053 1.014010
0.080220 1.014751
0.080387 1.015393
0.080554 1.015930
0.080720 1.016357
0.080887 1.016672
0.081054 1.016870
0.081221 1.016950
0.081388 1.016912
0.081554 1.016753
0.081721 1.016475
0.081888 1.016078
0.082055 1.015566
0.082221 1.014940
0.082388 1.014204
0.082555 1.013364
0.082722 1.012423
0.082889 1.011388
0.083055 1.010267
0.083222 1.009065
0.083389 1.007791
0.083556 1.006454
0.083722 1.005062
0.083889 1.003625
0.084056 1.002153
0.084223 1.000656
0.084390 0.999144
0.084556 0.997627
0.084723 0.996117
0.084890 0.994625
0.085057 0.993160
0.085223 0.991733
0.085390 0.990355
0.085557 0.989035
0.085724 0.987784
0.085891 0.986610
0.086057 0.985523
0.086224 0.984530
0.086391 0.983640
0.086558 0.982859
0.086724 0.982194
0.086891 0.981650
0.087058 0.981232
0.087225 0.980944
0.087392 0.980789
0.087558 0.980769
0.087725 0.980884
0.087892 0.981136
0.088059 0.981524
0.088225 0.982046
0.088392 0.982698
0.088559 0.983479
0.088726 0.984382
0.088893 0.985404
0.089059 0.986536
0.089226 0.987774
0.089393 0.989107
0.089560 0.990529
0.089726 0.992029
0.089893 0.993598
0.090060 0.995225
0.090227 0.996899
0.090394 0.998609
0.090560 1.000343
0.090727 1.002089
0.090894 1.003834
0.091061 1.005568
0.091227 1.007276
0.091394 1.008947
0.091561 1.010569
0.091728 1.012130
0.091895 1.013619
0.092061 1.015024
0.092228 1.016334
0.092395 1.017540
0.092562 1.018633
0.092728 1.019602
0.092895 1.020442
0.093062 1.021143
0.093229 1.021701
0.093396 1.022110
0.093562 1.022365
0.093729 1.022464
0.093896 1.022405
0.094063 1.022185
0.094229 1.021806
0.094396 1.021268
0.094563 1.020574
0.094730 1.019727
0.094897 1.018731
0.095063 1.017592
0.095230 1.016318
0.095397 1.014914
0.095564 1.013391
0.095730 1.011757
0.095897 1.010023
0.096064 1.008200
0.096231 1.006300
0.096398 1.004335
0.096564 1.002320
0.096731 1.000267
0.096898 0.998191
0.097065 0.996106
0.097231 0.994026
0.097398 0.991967
0.097565 0.989942
0.097732 0.987968
0.097899 0.986058
0.098065 0.984226
0.098232 0.982486
0.098399 0.980852
0.098566 0.979336
0.098732 0.977950
0.098899 0.976706
0.099066 0.975614
0.099233 0.974684
0.099400 0.973923
0.099566 0.973339
0.099733 0.972939
0.099900 0.972728
0.100067 0.972708
0.100233 0.972884
0.100400 0.973255
0.100567 0.973822
0.100734 0.974583
0.100901 0.975536
0.101067 0.976675
0.101234 0.977995
0.101401 0.979490
0.101568 0.981150
0.101734 0.982967
0.101901 0.984929
0.102068 0.987025
0.102235 0.989242
0.102402 0.991565
0.102568 0.993980
0.102735 0.996471
0.102902 0.999021
0.103069 1.001613
0.103235 1.004229
0.103402 1.006852
0.103569 1.009462
0.103736 1.012042
0.103903 1.014572
0.104069 1.017034
0.104236 1.019410
0.104403 1.021681
0.104570 1.023830
0.104736 1.025840
0.104903 1.027694
0.105070 1.029377
0.105237 1.030874
0.105404 1.032172
0.105570 1.033259
0.105737 1.034124
0.105904 1.034756
0.106071 1.035147
0.106237 1.035292
0.106404 1.035184
0.106571 1.034820
0.106738 1.034199
0.106905 1.033320
0.107071 1.032185
0.107238 1.030798
0.107405 1.029164
0.107572 1.027290
0.107738 1.025185
0.107905 1.022860
0.108072 1.020328
0.108239 1.017601
0.108406 1.014697
0.108572 1.011632
0.108739 1.008424
0.108906 1.005094
0.109073 1.001663
0.109239 0.998154
0.109406 0.994588
0.109573 0.990991
0.109740 0.987388
0.109907 0.983803
0.110073 0.980263
0.110240 0.976793
0.110407 0.973421
0.110574 0.970170
0.110740 0.967069
0.110907 0.964141
0.111074 0.961411
0.111241 0.958904
0.111408 0.956642
0.111574 0.954647
0.111741 0.952939
0.111908 0.951539
0.112075 0.950462
0.112241 0.949725
0.112408 0.949342
0.112575 0.949324
0.112742 0.949680
0.112909 0.950419
0.113075 0.951545
0.113242 0.953060
0.113409 0.954965
0.113576 0.957256
0.113742 0.959929
0.113909 0.962975
0.114076 0.966384
0.114243 0.970141
0.114410 0.974231
0.114576 0.978635
0.114743 0.983332
0.114910 0.988296
0.115077 0.993502
0.115243 0.998920
0.115410 1.004519
0.115577 1.010265
0.115744 1.016121
0.115911 1.022052
0.116077 1.028015
0.116244 1.033971
0.116411 1.039877
0.116578 1.045688
0.116744 1.051359
0.116911 1.056845
0.117078 1.062098
0.117245 1.067072
0.117412 1.071719
0.117578 1.075992
0.117745 1.079843
0.117912 1.083225
0.118079 1.086094
0.118245 1.088404
0.118412 1.090110
0.118579 1.091171
0.118746 1.091545
0.118913 1.091195
0.119079 1.090081
0.119246 1.088171
0.119413 1.085432
0.119580 1.081833
0.119746 1.077349
0.119913 1.071956
0.120080 1.065633
0.120247 1.058362
0.120414 1.050130
0.120580 1.040926
0.120747 1.030743
0.120914 1.019577
0.121081 1.007431
0.121247 0.994306
0.121414 0.980212
0.121581 0.965160
0.121748 0.949166
0.121915 0.932248
0.122081 0.914430
0.122248 0.895738
0.122415 0.876202
0.122582 0.855855
0.122748 0.834734
0.122915 0.812879
0.123082 0.790333
0.123249 0.767140
0.123416 0.743350
0.123582 0.719014
0.123749 0.694183
0.123916 0.668913
0.124083 0.643261
0.124249 0.617286
0.124416 0.591046
0.124583 0.564603
0.124750 0.538018
0.124917 0.511354
0.125083 0.484672
0.125250 0.458035
0.125417 0.431506
0.125584 0.405146
0.125751 0.379016
0.125917 0.353176
0.126084 0.327685
0.126251 0.302600
0.126418 0.277976
0.126584 0.253868
0.126751 0.230326
0.126918 0.207399
0.127085 0.185135
0.127252 0.163575
0.127418 0.142762
0.127585 0.122732
0.127752 0.103521
0.127919 0.085159
0.128085 0.067674
0.128252 0.051090
0.128419 0.035427
0.128586 0.020702
0.128753 0.006929
0.128919 -0.005883
0.129086 -0.017728
0.129253 -0.028604
0.129420 -0.038514
0.129586 -0.047461
0.129753 -0.055455
0.129920 -0.062509
0.130087 -0.068636
0.130254 -0.073857
0.130420 -0.078193
0.130587 -0.081669
0.130754 -0.084313
0.130921 -0.086154
0.131087 -0.087227
0.131254 -0.087564
0.131421 -0.087204
0.131588 -0.086186
0.131755 -0.084550
0.131921 -0.082337
0.132088 -0.079592
0.132255 -0.076359
0.132422 -0.072681
0.132588 -0.068606
0.132755 -0.064178
0.132922 -0.059443
0.133089 -0.054447
0.133256 -0.049236
0.133422 -0.043855
0.133589 -0.038346
0.133756 -0.032754
0.133923 -0.027120
0.134089 -0.021484
0.134256 -0.015886
0.134423 -0.010364
0.134590 -0.004951
0.134757 0.000317
0.134923 0.005410
0.135090 0.010299
0.135257 0.014956
0.135424 0.019356
0.135590 0.023479
0.135757 0.027304
0.135924 0.030814
0.136091 0.033994
0.136258 0.036834
0.136424 0.039322
0.136591 0.041454
0.136758 0.043224
0.136925 0.044630
0.137091 0.045674
0.137258 0.046359
0.137425 0.046689
0.137592 0.046672
0.137759 0.046318
0.137925 0.045638
0.138092 0.044646
0.138259 0.043357
0.138426 0.041787
0.138592 0.039955
0.138759 0.037879
0.138926 0.035581
0.139093 0.033082
0.139260 0.030404
0.139426 0.027569
0.139593 0.024603
0.139760 0.021528
0.139927 0.018367
0.140093 0.015146
0.140260 0.011888
0.140427 0.008616
0.140594 0.005354
0.140761 0.002124
0.140927 -0.001053
0.141094 -0.004155
0.141261 -0.007163
0.141428 -0.010057
0.141594 -0.012819
0.141761 -0.015434
0.141928 -0.017886
0.142095 -0.020162
0.142262 -0.022248
0.142428 -0.024135
0.142595 -0.025814
0.142762 -0.027276
0.142929 -0.028515
0.143095 -0.029529
0.143262 -0.030313
0.143429 -0.030866
0.143596 -0.031190
0.143763 -0.031286
0.143929 -0.031158
0.144096 -0.030810
0.144263 -0.030250
0.144430 -0.029485
0.144596 -0.028524
0.144763 -0.027377
0.144930 -0.026055
0.145097 -0.024572
0.145264 -0.022939
0.145430 -0.021171
0.145597 -0.019283
0.145764 -0.017289
0.145931 -0.015206
0.146097 -0.013049
0.146264 -0.010835
0.146431 -0.008580
0.146598 -0.006301
0.146765 -0.004013
0.146931 -0.001733
0.147098 0.000523
0.147265 0.002740
0.147432 0.004903
0.147598 0.006999
0.147765 0.009012
0.147932 0.010932
0.148099 0.012744
0.148266 0.014440
0.148432 0.016008
0.148599 0.017440
0.148766 0.018727
0.148933 0.019863
0.149099 0.020842
0.149266 0.021660
0.149433 0.022312
0.149600 0.022798
0.149767 0.023116
0.149933 0.023266
0.150100 0.023250
0.150267 0.023069
0.150434 0.022728
0.150600 0.022231
0.150767 0.021585
0.150934 0.020794
0.151101 0.019867
0.151268 0.018813
0.151434 0.017639
0.151601 0.016357
0.151768 0.014976
0.151935 0.013508
0.152101 0.011964
0.152268 0.010355
0.152435 0.008693
0.152602 0.006992
0.152769 0.005263
0.152935 0.003519
0.153102 0.001772
0.153269 0.000034
0.153436 -0.001682
0.153602 -0.003365
0.153769 -0.005004
0.153936 -0.006587
0.154103 -0.008105
0.154270 -0.009547
0.154436 -0.010904
0.154603 -0.012169
0.154770 -0.013332
0.154937 -0.014388
0.155103 -0.015330
0.155270 -0.016152
0.155437 -0.016851
0.155604 -0.017424
0.155771 -0.017867
0.155937 -0.018179
0.156104 -0.018359
0.156271 -0.018409
0.156438 -0.018327
0.156604 -0.018118
0.156771 -0.017784
0.156938 -0.017328
0.157105 -0.016755
0.157272 -0.016070
0.157438 -0.015280
0.157605 -0.014391
0.157772 -0.013410
0.157939 -0.012345
0.158105 -0.011205
0.158272 -0.009999
0.158439 -0.008735
0.158606 -0.007423
0.158773 -0.006073
0.158939 -0.004694
0.159106 -0.003297
0.159273 -0.001891
0.159440 -0.000486
0.159606 0.000907
0.159773 0.002280
0.159940 0.003622
0.160107 0.004926
0.160274 0.006181
0.160440 0.007380
0.160607 0.008515
0.160774 0.009579
0.160941 0.010565
0.161107 0.011466
0.161274 0.012278
0.161441 0.012996
0.161608 0.013615
0.161775 0.014132
0.161941 0.014545
0.162108 0.014851
0.162275 0.015051
0.162442 0.015142
0.162608 0.015126
0.162775 0.015004
0.162942 0.014777
0.163109 0.014449
0.163276 0.014022
0.163442 0.013501
0.163609 0.012889
0.163776 0.012193
0.163943 0.011417
0.164109 0.010568
0.164276 0.009653
0.164443 0.008679
0.164610 0.007652
0.164777 0.006581
0.164943 0.005473
0.165110 0.004337
0.165277 0.003180
0.165444 0.002012
0.165610 0.000840
0.165777 -0.000328
0.165944 -0.001483
0.166111 -0.002617
0.166278 -0.003723
0.166444 -0.004793
0.166611 -0.005820
0.166778 -0.006798
0.166945 -0.007719
0.167111 -0.008577
0.167278 -0.009369
0.167445 -0.010087
0.167612 -0.010728
0.167779 -0.011289
0.167945 -0.011766
0.168112 -0.012156
0.168279 -0.012457
0.168446 -0.012668
0.168612 -0.012788
0.168779 -0.012818
0.168946 -0.012757
0.169113 -0.012607
0.169280 -0.012369
0.169446 -0.012047
0.169613 -0.011643
0.169780 -0.011160
0.169947 -0.010603
0.170113 -0.009976
0.170280 -0.009283
0.170447 -0.008532
0.170614 -0.007726
0.170781 -0.006872
0.170947 -0.005977
0.171114 -0.005047
0.171281 -0.004089
0.171448 -0.003110
0.171614 -0.002116
0.171781 -0.001116
0.171948 -0.000115
0.172115 0.000879
0.172282 0.001858
0.172448 0.002817
0.172615 0.003749
0.172782 0.004648
0.172949 0.005507
0.173115 0.006321
0.173282 0.007084
0.173449 0.007791
0.173616 0.008439
0.173783 0.009022
0.173949 0.009538
0.174116 0.009983
0.174283 0.010354
0.174450 0.010650
0.174616 0.010869
0.174783 0.011010
0.174950 0.011073
0.175117 0.011057
0.175284 0.010964
0.175450 0.010795
0.175617 0.010551
0.175784 0.010234
0.175951 0.009848
0.176117 0.009396
0.176284 0.008881
0.176451 0.008307
0.176618 0.007679
0.176785 0.007002
0.176951 0.006280
0.177118 0.005519
0.177285 0.004725
0.177452 0.003904
0.177618 0.003060
0.177785 0.002201
0.177952 0.001333
0.178119 0.000461
0.178286 -0.000408
0.178452 -0.001268
0.178619 -0.002114
0.178786 -0.002938
0.178953 -0.003737
0.179119 -0.004503
0.179286 -0.005233
0.179453 -0.005921
0.179620 -0.006563
0.179787 -0.007155
0.179953 -0.007692
0.180120 -0.008172
0.180287 -0.008591
0.180454 -0.008947
0.180620 -0.009238
0.180787 -0.009462
0.180954 -0.009618
0.181121 -0.009706
0.181288 -0.009725
0.181454 -0.009675
0.181621 -0.009558
0.181788 -0.009375
0.181955 -0.009126
0.182121 -0.008816
0.182288 -0.008445
0.182455 -0.008018
0.182622 -0.007537
0.182789 -0.007007
0.182955 -0.006430
0.183122 -0.005812
0.183289 -0.005157
0.183456 -0.004471
0.183622 -0.003757
0.183789 -0.003021
0.183956 -0.002269
0.184123 -0.001505
0.184290 -0.000736
0.184456 0.000034
0.184623 0.000799
0.184790 0.001553
0.184957 0.002292
0.185123 0.003010
0.185290 0.003702
0.185457 0.004365
0.185624 0.004992
0.185791 0.005581
0.185957 0.006127
0.186124 0.006626
0.186291 0.007076
0.186458 0.007474
0.186624 0.007817
0.186791 0.008103
0.186958 0.008330
0.187125 0.008498
0.187292 0.008604
0.187458 0.008650
0.187625 0.008635
0.187792 0.008559
0.187959 0.008424
0.188125 0.008230
0.188292 0.007980
0.188459 0.007675
0.188626 0.007318
0.188793 0.006912
0.188959 0.006460
0.189126 0.005964
0.189293 0.005430
0.189460 0.004861
0.189626 0.004261
0.189793 0.003635
0.189960 0.002987
0.190127 0.002321
0.190294 0.001643
0.190460 0.000957
0.190627 0.000269
0.190794 -0.000418
0.190961 -0.001097
0.191127 -0.001766
0.191294 -0.002418
0.191461 -0.003049
0.191628 -0.003656
0.191795 -0.004233
0.191961 -0.004777
0.192128 -0.005285
0.192295 -0.005753
0.192462 -0.006178
0.192628 -0.006558
0.192795 -0.006889
0.192962 -0.007170
0.193129 -0.007399
0.193296 -0.007575
0.193462 -0.007697
0.193629 -0.007764
0.193796 -0.007777
0.193963 -0.007734
0.194129 -0.007638
0.194296 -0.007489
0.194463 -0.007287
0.194630 -0.007036
0.194797 -0.006737
0.194963 -0.006392
0.195130 -0.006004
0.195297 -0.005576
0.195464 -0.005111
0.195630 -0.004613
0.195797 -0.004084
0.195964 -0.003531
0.196131 -0.002955
0.196298 -0.002361
0.196464 -0.001754
0.196631 -0.001138
0.196798 -0.000517
0.196965 0.000104
0.197131 0.000721
0.197298 0.001331
0.197465 0.001927
0.197632 0.002507
0.197799 0.003067
0.197965 0.003602
0.198132 0.004109
0.198299 0.004584
0.198466 0.005025
0.198632 0.005429
0.198799 0.005792
0.198966 0.006113
0.199133 0.006389
0.199300 0.006619
0.199466 0.006802
0.199633 0.006936
0.199800 0.007020
0.199967 0.007055
0.200133 0.007040
0.200300 0.006976
0.200467 0.006863
0.200634 0.006702
0.200801 0.006496
0.200967 0.006245
0.201134 0.005951
0.201301 0.005617
0.201468 0.005245
0.201634 0.004838
0.201801 0.004399
0.201968 0.003931
0.202135 0.003438
0.202302 0.002924
0.202468 0.002391
0.202635 0.001844
0.202802 0.001287
0.202969 0.000723
0.203135 0.000158
0.203302 -0.000407
0.203469 -0.000965
0.203636 -0.001515
0.203803 -0.002051
0.203969 -0.002570
0.204136 -0.003069
0.204303 -0.003543
0.204470 -0.003991
0.204636 -0.004408
0.204803 -0.004793
0.204970 -0.005142
0.205137 -0.005454
0.205304 -0.005725
0.205470 -0.005956
0.205637 -0.006143
0.205804 -0.006286
0.205971 -0.006385
0.206137 -0.006438
0.206304 -0.006446
0.206471 -0.006409
0.206638 -0.006327
0.206805 -0.006201
0.206971 -0.006032
0.207138 -0.005821
0.207305 -0.005571
0.207472 -0.005282
0.207638 -0.004958
0.207805 -0.004600
0.207972 -0.004212
0.208139 -0.003796
0.208306 -0.003355
0.208472 -0.002893
0.208639 -0.002412
0.208806 -0.001917
0.208973 -0.001411
0.209139 -0.000896
0.209306 -0.000378
0.209473 0.000140
0.209640 0.000656
0.209807 0.001164
0.209973 0.001662
0.210140 0.002146
0.210307 0.002613
0.210474 0.003059
0.210640 0.003483
0.210807 0.003879
0.210974 0.004247
0.211141 0.004584
0.211308 0.004886
0.211474 0.005154
0.211641 0.005383
0.211808 0.005575
0.211975 0.005726
0.212141 0.005836
0.212308 0.005905
0.212475 0.005932
0.212642 0.005917
0.212809 0.005861
0.212975 0.005765
0.213142 0.005628
0.213309 0.005452
0.213476 0.005238
0.213642 0.004989
0.213809 0.004706
0.213976 0.004391
0.214143 0.004046
0.214310 0.003675
0.214476 0.003279
0.214643 0.002862
0.214810 0.002427
0.214977 0.001976
0.215143 0.001514
0.215310 0.001042
0.215477 0.000566
0.215644 0.000087
0.215811 -0.000390
0.215977 -0.000863
0.216144 -0.001327
0.216311 -0.001780
0.216478 -0.002219
0.216644 -0.002641
0.216811 -0.003042
0.216978 -0.003421
0.217145 -0.003773
0.217312 -0.004098
0.217478 -0.004393
0.217645 -0.004656
0.217812 -0.004885
0.217979 -0.005079
0.218145 -0.005236
0.218312 -0.005356
0.218479 -0.005438
0.218646 -0.005481
0.218813 -0.005486
0.218979 -0.005453
0.219146 -0.005381
0.219313 -0.005271
0.219480 -0.005126
0.219646 -0.004944
0.219813 -0.004729
0.219980 -0.004482
0.220147 -0.004204
0.220314 -0.003897
0.220480 -0.003565
0.220647 -0.003208
0.220814 -0.002831
0.220981 -0.002435
0.221147 -0.002024
0.221314 -0.001600
0.221481 -0.001167
0.221648 -0.000727
0.221815 -0.000283
0.221981 0.000160
0.222148 0.000601
0.222315 0.001036
0.222482 0.001462
0.222648 0.001876
0.222815 0.002275
0.222982 0.002657
0.223149 0.003019
0.223316 0.003358
0.223482 0.003672
0.223649 0.003959
0.223816 0.004218
0.223983 0.004446
0.224149 0.004641
0.224316 0.004804
0.224483 0.004932
0.224650 0.005025
0.224817 0.005083
0.224983 0.005104
0.225150 0.005090
0.225317 0.005040
0.225484 0.004955
0.225650 0.004835
0.225817 0.004682
0.225984 0.004496
0.226151 0.004280
0.226318 0.004035
0.226484 0.003762
0.226651 0.003464
0.226818 0.003142
0.226985 0.002800
0.227151 0.002439
0.227318 0.002062
0.227485 0.001673
0.227652 0.001273
0.227819 0.000865
0.227985 0.000453
0.228152 0.000040
0.228319 -0.000373
0.228486 -0.000781
0.228652 -0.001183
0.228819 -0.001574
0.228986 -0.001953
0.229153 -0.002317
0.229320 -0.002664
0.229486 -0.002991
0.229653 -0.003295
0.229820 -0.003575
0.229987 -0.003829
0.230153 -0.004056
0.230320 -0.004253
0.230487 -0.004419
0.230654 -0.004554
0.230821 -0.004657
0.230987 -0.004726
0.231154 -0.004762
0.231321 -0.004765
0.231488 -0.004734
0.231654 -0.004670
0.231821 -0.004573
0.231988 -0.004445
0.232155 -0.004286
0.232322 -0.004097
0.232488 -0.003881
0.232655 -0.003638
0.232822 -0.003370
0.232989 -0.003079
0.233155 -0.002768
0.233322 -0.002438
0.233489 -0.002093
0.233656 -0.001734
0.233823 -0.001364
0.233989 -0.000986
0.234156 -0.000602
0.234323 -0.000215
0.234490 0.000172
0.234656 0.000556
0.234823 0.000935
0.234990 0.001307
0.235157 0.001668
0.235324 0.002016
0.235490 0.002348
0.235657 0.002663
0.235824 0.002959
0.235991 0.003232
0.236157 0.003482
0.236324 0.003707
0.236491 0.003905
0.236658 0.004075
0.236825 0.004215
0.236991 0.004326
0.237158 0.004406
0.237325 0.004455
0.237492 0.004472
0.237658 0.004458
0.237825 0.004413
0.237992 0.004336
0.238159 0.004230
0.238326 0.004094
0.238492 0.003930
0.238659 0.003739
0.238826 0.003523
0.238993 0.003282
0.239159 0.003019
0.239326 0.002736
0.239493 0.002434
0.239660 0.002117
0.239827 0.001785
0.239993 0.001443
0.240160 0.001091
0.240327 0.000732
0.240494 0.000370
0.240660 0.000006
0.240827 -0.000357
0.240994 -0.000716
0.241161 -0.001068
0.241328 -0.001413
0.241494 -0.001746
0.241661 -0.002066
0.241828 -0.002370
0.241995 -0.002657
0.242161 -0.002924
0.242328 -0.003170
0.242495 -0.003393
0.242662 -0.003591
0.242829 -0.003763
0.242995 -0.003909
0.243162 -0.004027
0.243329 -0.004116
0.243496 -0.004175
0.243662 -0.004206
0.243829 -0.004207
0.243996 -0.004178
0.244163 -0.004120
0.244330 -0.004033
0.244496 -0.003918
0.244663 -0.003776
0.244830 -0.003608
0.244997 -0.003416
0.245163 -0.003199
0.245330 -0.002962
0.245497 -0.002704
0.245664 -0.002427
0.245831 -0.002135
0.245997 -0.001829
0.246164 -0.001510
0.246331 -0.001182
0.246498 -0.000847
0.246664 -0.000507
0.246831 -0.000164
0.246998 0.000178
0.247165 0.000519
0.247332 0.000855
0.247498 0.001184
0.247665 0.001503
0.247832 0.001811
0.247999 0.002105
0.248165 0.002384
0.248332 0.002645
0.248499 0.002887
0.248666 0.003108
0.248833 0.003306
0.248999 0.003481
0.249166 0.003630
0.249333 0.003754
0.249500 0.003851
0.249666 0.003920
0.249833 0.003962
0.250000 0.003976
