0.000000 1.038110
0.000167 1.038101
0.000334 1.038076
0.000500 1.038034
0.000667 1.037975
0.000834 1.037899
0.001001 1.037806
0.001167 1.037697
0.001334 1.037571
0.001501 1.037428
0.001668 1.037269
0.001835 1.037093
0.002001 1.036901
0.002168 1.036692
0.002335 1.036467
0.002502 1.036226
0.002668 1.035969
0.002835 1.035696
0.003002 1.035407
0.003169 1.035103
0.003336 1.034782
0.003502 1.034447
0.003669 1.034096
0.003836 1.033729
0.004003 1.033348
0.004169 1.032952
0.004336 1.032542
0.004503 1.032117
0.004670 1.031677
0.004837 1.031223
0.005003 1.030756
0.005170 1.030275
0.005337 1.029780
0.005504 1.029272
0.005670 1.028751
0.005837 1.028217
0.006004 1.027670
0.006171 1.027111
0.006338 1.026540
0.006504 1.025957
0.006671 1.025362
0.006838 1.024756
0.007005 1.024138
0.007171 1.023510
0.007338 1.022871
0.007505 1.022222
0.007672 1.021563
0.007839 1.020894
0.008005 1.020215
0.008172 1.019528
0.008339 1.018831
0.008506 1.018126
0.008672 1.017412
0.008839 1.016691
0.009006 1.015962
0.009173 1.015225
0.009340 1.014482
0.009506 1.013731
0.009673 1.012975
0.009840 1.012212
0.010007 1.011443
0.010173 1.010669
0.010340 1.009890
0.010507 1.009107
0.010674 1.008319
0.010841 1.007526
0.011007 1.006730
0.011174 1.005931
0.011341 1.005129
0.011508 1.004324
0.011674 1.003517
0.011841 1.002707
0.012008 1.001896
0.012175 1.001084
0.012342 1.000271
0.012508 0.999457
0.012675 0.998643
0.012842 0.997830
0.013009 0.997016
0.013175 0.996204
0.013342 0.995393
0.013509 0.994583
0.013676 0.993775
0.013843 0.992970
0.014009 0.992167
0.014176 0.991367
0.014343 0.990571
0.014510 0.989778
0.014676 0.988989
0.014843 0.988204
0.015010 0.987425
0.015177 0.986650
0.015344 0.985880
0.015510 0.985117
0.015677 0.984359
0.015844 0.983608
0.016011 0.982864
0.016177 0.982126
0.016344 0.981396
0.016511 0.980674
0.016678 0.979960
0.016845 0.979254
0.017011 0.978557
0.017178 0.977868
0.017345 0.977189
0.017512 0.976520
0.017678 0.975860
0.017845 0.975211
0.018012 0.974572
0.018179 0.973944
0.018346 0.973327
0.018512 0.972721
0.018679 0.972127
0.018846 0.971545
0.019013 0.970975
0.019179 0.970417
0.019346 0.969872
0.019513 0.969339
0.019680 0.968820
0.019847 0.968314
0.020013 0.967822
0.020180 0.967344
0.020347 0.966879
0.020514 0.966429
0.020680 0.965994
0.020847 0.965573
0.021014 0.965167
0.021181 0.964776
0.021348 0.964400
0.021514 0.964040
0.021681 0.963695
0.021848 0.963366
0.022015 0.963053
0.022181 0.962756
0.022348 0.962475
0.022515 0.962211
0.022682 0.961963
0.022849 0.961732
0.023015 0.961518
0.023182 0.961320
0.023349 0.961139
0.023516 0.960975
0.023682 0.960829
0.023849 0.960700
0.024016 0.960588
0.024183 0.960493
0.024350 0.960416
0.024516 0.960356
0.024683 0.960314
0.024850 0.960289
0.025017 0.960282
0.025183 0.960293
0.025350 0.960321
0.025517 0.960367
0.025684 0.960430
0.025851 0.960511
0.026017 0.960610
0.026184 0.960727
0.026351 0.960861
0.026518 0.961012
0.026684 0.961181
0.026851 0.961367
0.027018 0.961571
0.027185 0.961792
0.027352 0.962031
0.027518 0.962286
0.027685 0.962559
0.027852 0.962848
0.028019 0.963155
0.028185 0.963478
0.028352 0.963818
0.028519 0.964174
0.028686 0.964547
0.028853 0.964936
0.029019 0.965341
0.029186 0.965762
0.029353 0.966198
0.029520 0.966651
0.029686 0.967119
0.029853 0.967602
0.030020 0.968100
0.030187 0.968613
0.030354 0.969140
0.030520 0.969682
0.030687 0.970239
0.030854 0.970809
0.031021 0.971393
0.031187 0.971991
0.031354 0.972602
0.031521 0.973226
0.031688 0.973863
0.031855 0.974513
0.032021 0.975174
0.032188 0.975848
0.032355 0.976534
0.032522 0.977231
0.032688 0.977939
0.032855 0.978658
0.033022 0.979388
0.033189 0.980128
0.033356 0.980878
0.033522 0.981638
0.033689 0.982407
0.033856 0.983185
0.034023 0.983972
0.034189 0.984767
0.034356 0.985570
0.034523 0.986381
0.034690 0.987200
0.034857 0.988025
0.035023 0.988857
0.035190 0.989696
0.035357 0.990540
0.035524 0.991390
0.035690 0.992246
0.035857 0.993106
0.036024 0.993971
0.036191 0.994840
0.036358 0.995712
0.036524 0.996589
0.036691 0.997468
0.036858 0.998350
0.037025 0.999234
0.037191 1.000120
0.037358 1.001008
0.037525 1.001897
0.037692 1.002786
0.037859 1.003676
0.038025 1.004566
0.038192 1.005456
0.038359 1.006345
0.038526 1.007232
0.038692 1.008118
0.038859 1.009002
0.039026 1.009884
0.039193 1.010763
0.039360 1.011639
0.039526 1.012511
0.039693 1.013380
0.039860 1.014244
0.040027 1.015103
0.040193 1.015958
0.040360 1.016807
0.040527 1.017650
0.040694 1.018487
0.040861 1.019318
0.041027 1.020141
0.041194 1.020958
0.041361 1.021766
0.041528 1.022567
0.041694 1.023359
0.041861 1.024142
0.042028 1.024916
0.042195 1.025681
0.042362 1.026436
0.042528 1.027180
0.042695 1.027914
0.042862 1.028637
0.043029 1.029349
0.043195 1.030050
0.043362 1.030738
0.043529 1.031414
0.043696 1.032078
0.043863 1.032729
0.044029 1.033367
0.044196 1.033991
0.044363 1.034601
0.044530 1.035198
0.044696 1.035780
0.044863 1.036347
0.045030 1.036899
0.045197 1.037436
0.045364 1.037958
0.045530 1.038464
0.045697 1.038954
0.045864 1.039428
0.046031 1.039885
0.046197 1.040325
0.046364 1.040749
0.046531 1.041155
0.046698 1.041544
0.046865 1.041915
0.047031 1.042269
0.047198 1.042604
0.047365 1.042921
0.047532 1.043220
0.047698 1.043501
0.047865 1.043762
0.048032 1.044005
0.048199 1.044228
0.048366 1.044432
0.048532 1.044617
0.048699 1.044783
0.048866 1.044929
0.049033 1.045055
0.049199 1.045162
0.049366 1.045248
0.049533 1.045315
0.049700 1.045361
0.049867 1.045387
0.050033 1.045393
0.050200 1.045379
0.050367 1.045345
0.050534 1.045290
0.050700 1.045215
0.050867 1.045119
0.051034 1.045003
0.051201 1.044866
0.051368 1.044709
0.051534 1.044532
0.051701 1.044334
0.051868 1.044116
0.052035 1.043877
0.052201 1.043619
0.052368 1.043340
0.052535 1.043041
0.052702 1.042721
0.052869 1.042382
0.053035 1.042023
0.053202 1.041644
0.053369 1.041245
0.053536 1.040827
0.053702 1.040389
0.053869 1.039932
0.054036 1.039456
0.054203 1.038961
0.054370 1.038446
0.054536 1.037913
0.054703 1.037362
0.054870 1.036792
0.055037 1.036204
0.055203 1.035598
0.055370 1.034975
0.055537 1.034333
0.055704 1.033675
0.055871 1.032999
0.056037 1.032307
0.056204 1.031598
0.056371 1.030872
0.056538 1.030131
0.056704 1.029374
0.056871 1.028601
0.057038 1.027813
0.057205 1.027010
0.057372 1.026193
0.057538 1.025361
0.057705 1.024515
0.057872 1.023655
0.058039 1.022783
0.058205 1.021897
0.058372 1.020998
0.058539 1.020087
0.058706 1.019164
0.058873 1.018230
0.059039 1.017284
0.059206 1.016328
0.059373 1.015360
0.059540 1.014383
0.059706 1.013396
0.059873 1.012400
0.060040 1.011395
0.060207 1.010381
0.060374 1.009360
0.060540 1.008330
0.060707 1.007294
0.060874 1.006250
0.061041 1.005200
0.061207 1.004144
0.061374 1.003083
0.061541 1.002016
0.061708 1.000945
0.061875 0.999870
0.062041 0.998791
0.062208 0.997709
0.062375 0.996624
0.062542 0.995536
0.062708 0.994447
0.062875 0.993356
0.063042 0.992264
0.063209 0.991172
0.063376 0.990079
0.063542 0.988988
0.063709 0.987897
0.063876 0.986807
0.064043 0.985720
0.064209 0.984634
0.064376 0.983552
0.064543 0.982473
0.064710 0.981398
0.064877 0.980327
0.065043 0.979261
0.065210 0.978200
0.065377 0.977145
0.065544 0.976096
0.065710 0.975054
0.065877 0.974019
0.066044 0.972992
0.066211 0.971973
0.066378 0.970962
0.066544 0.969961
0.066711 0.968969
0.066878 0.967988
0.067045 0.967017
0.067211 0.966056
0.067378 0.965108
0.067545 0.964171
0.067712 0.963247
0.067879 0.962335
0.068045 0.961437
0.068212 0.960552
0.068379 0.959682
0.068546 0.958826
0.068712 0.957985
0.068879 0.957160
0.069046 0.956350
0.069213 0.955557
0.069380 0.954781
0.069546 0.954022
0.069713 0.953280
0.069880 0.952557
0.070047 0.951852
0.070213 0.951165
0.070380 0.950498
0.070547 0.949850
0.070714 0.949222
0.070881 0.948614
0.071047 0.948027
0.071214 0.947461
0.071381 0.946916
0.071548 0.946393
0.071714 0.945892
0.071881 0.945413
0.072048 0.944956
0.072215 0.944523
0.072382 0.944113
0.072548 0.943726
0.072715 0.943363
0.072882 0.943024
0.073049 0.942710
0.073215 0.942420
0.073382 0.942155
0.073549 0.941914
0.073716 0.941700
0.073883 0.941510
0.074049 0.941347
0.074216 0.941209
0.074383 0.941098
0.074550 0.941012
0.074716 0.940954
0.074883 0.940921
0.075050 0.940916
0.075217 0.940938
0.075384 0.940986
0.075550 0.941062
0.075717 0.941165
0.075884 0.941296
0.076051 0.941453
0.076217 0.941639
0.076384 0.941852
0.076551 0.942093
0.076718 0.942361
0.076885 0.942657
0.077051 0.942981
0.077218 0.943333
0.077385 0.943713
0.077552 0.944120
0.077718 0.944555
0.077885 0.945018
0.078052 0.945508
0.078219 0.946026
0.078386 0.946572
0.078552 0.947145
0.078719 0.947745
0.078886 0.948373
0.079053 0.949028
0.079219 0.949710
0.079386 0.950418
0.079553 0.951154
0.079720 0.951916
0.079887 0.952704
0.080053 0.953519
0.080220 0.954360
0.080387 0.955226
0.080554 0.956118
0.080720 0.957035
0.080887 0.957978
0.081054 0.958945
0.081221 0.959937
0.081388 0.960954
0.081554 0.961994
0.081721 0.963058
0.081888 0.964145
0.082055 0.965256
0.082221 0.966389
0.082388 0.967544
0.082555 0.968722
0.082722 0.969921
0.082889 0.971142
0.083055 0.972383
0.083222 0.973645
0.083389 0.974927
0.083556 0.976229
0.083722 0.977550
0.083889 0.978889
0.084056 0.980247
0.084223 0.981623
0.084390 0.983016
0.084556 0.984426
0.084723 0.985852
0.084890 0.987295
0.085057 0.988752
0.085223 0.990225
0.085390 0.991712
0.085557 0.993212
0.085724 0.994726
0.085891 0.996252
0.086057 0.997790
0.086224 0.999340
0.086391 1.000901
0.086558 1.002472
0.086724 1.004053
0.086891 1.005643
0.087058 1.007241
0.087225 1.008847
0.087392 1.010460
0.087558 1.012080
0.087725 1.013705
0.087892 1.015336
0.088059 1.016971
0.088225 1.018610
0.088392 1.020253
0.088559 1.021898
0.088726 1.023544
0.088893 1.025192
0.089059 1.026840
0.089226 1.028488
0.089393 1.030135
0.089560 1.031780
0.089726 1.033422
0.089893 1.035061
0.090060 1.036697
0.090227 1.038327
0.090394 1.039952
0.090560 1.041571
0.090727 1.043183
0.090894 1.044787
0.091061 1.046383
0.091227 1.047970
0.091394 1.049546
0.091561 1.051112
0.091728 1.052666
0.091895 1.054208
0.092061 1.055736
0.092228 1.057251
0.092395 1.058751
0.092562 1.060236
0.092728 1.061704
0.092895 1.063156
0.093062 1.064589
0.093229 1.066004
0.093396 1.067400
0.093562 1.068776
0.093729 1.070130
0.093896 1.071463
0.094063 1.072773
0.094229 1.074060
0.094396 1.075323
0.094563 1.076561
0.094730 1.077773
0.094897 1.078959
0.095063 1.080118
0.095230 1.081249
0.095397 1.082351
0.095564 1.083424
0.095730 1.084466
0.095897 1.085478
0.096064 1.086457
0.096231 1.087405
0.096398 1.088318
0.096564 1.089198
0.096731 1.090044
0.096898 1.090853
0.097065 1.091627
0.097231 1.092363
0.097398 1.093062
0.097565 1.093723
0.097732 1.094344
0.097899 1.094926
0.098065 1.095467
0.098232 1.095968
0.098399 1.096426
0.098566 1.096842
0.098732 1.097215
0.098899 1.097544
0.099066 1.097829
0.099233 1.098068
0.099400 1.098262
0.099566 1.098409
0.099733 1.098510
0.099900 1.098563
0.100067 1.098568
0.100233 1.098524
0.100400 1.098431
0.100567 1.098287
0.100734 1.098094
0.100901 1.097849
0.101067 1.097553
0.101234 1.097205
0.101401 1.096804
0.101568 1.096351
0.101734 1.095843
0.101901 1.095282
0.102068 1.094666
0.102235 1.093995
0.102402 1.093269
0.102568 1.092486
0.102735 1.091648
0.102902 1.090753
0.103069 1.089800
0.103235 1.088790
0.103402 1.087723
0.103569 1.086597
0.103736 1.085412
0.103903 1.084168
0.104069 1.082866
0.104236 1.081503
0.104403 1.080081
0.104570 1.078599
0.104736 1.077056
0.104903 1.075452
0.105070 1.073788
0.105237 1.072062
0.105404 1.070275
0.105570 1.068427
0.105737 1.066516
0.105904 1.064544
0.106071 1.062510
0.106237 1.060413
0.106404 1.058254
0.106571 1.056033
0.106738 1.053749
0.106905 1.051402
0.107071 1.048992
0.107238 1.046520
0.107405 1.043985
0.107572 1.041387
0.107738 1.038726
0.107905 1.036003
0.108072 1.033216
0.108239 1.030367
0.108406 1.027454
0.108572 1.024480
0.108739 1.021442
0.108906 1.018342
0.109073 1.015179
0.109239 1.011955
0.109406 1.008667
0.109573 1.005318
0.109740 1.001908
0.109907 0.998435
0.110073 0.994901
0.110240 0.991306
0.110407 0.987649
0.110574 0.983932
0.110740 0.980154
0.110907 0.976316
0.111074 0.972419
0.111241 0.968461
0.111408 0.964444
0.111574 0.960368
0.111741 0.956233
0.111908 0.952041
0.112075 0.947790
0.112241 0.943481
0.112408 0.939116
0.112575 0.934693
0.112742 0.930214
0.112909 0.925680
0.113075 0.921090
0.113242 0.916445
0.113409 0.911746
0.113576 0.906993
0.113742 0.902186
0.113909 0.897326
0.114076 0.892414
0.114243 0.887451
0.114410 0.882436
0.114576 0.877370
0.114743 0.872254
0.114910 0.867089
0.115077 0.861875
0.115243 0.856612
0.115410 0.851302
0.115577 0.845945
0.115744 0.840542
0.115911 0.835093
0.116077 0.829599
0.116244 0.824061
0.116411 0.818480
0.116578 0.812855
0.116744 0.807189
0.116911 0.801481
0.117078 0.795733
0.117245 0.789944
0.117412 0.784117
0.117578 0.778251
0.117745 0.772348
0.117912 0.766408
0.118079 0.760432
0.118245 0.754422
0.118412 0.748376
0.118579 0.742298
0.118746 0.736187
0.118913 0.730044
0.119079 0.723870
0.119246 0.717666
0.119413 0.711433
0.119580 0.705172
0.119746 0.698883
0.119913 0.692568
0.120080 0.686227
0.120247 0.679861
0.120414 0.673472
0.120580 0.667060
0.120747 0.660625
0.120914 0.654170
0.121081 0.647695
0.121247 0.641200
0.121414 0.634687
0.121581 0.628157
0.121748 0.621610
0.121915 0.615049
0.122081 0.608472
0.122248 0.601882
0.122415 0.595280
0.122582 0.588666
0.122748 0.582041
0.122915 0.575407
0.123082 0.568764
0.123249 0.562114
0.123416 0.555456
0.123582 0.548793
0.123749 0.542125
0.123916 0.535453
0.124083 0.528779
0.124249 0.522103
0.124416 0.515425
0.124583 0.508748
0.124750 0.502072
0.124917 0.495398
0.125083 0.488727
0.125250 0.482060
0.125417 0.475398
0.125584 0.468741
0.125751 0.462092
0.125917 0.455450
0.126084 0.448818
0.126251 0.442195
0.126418 0.435583
0.126584 0.428982
0.126751 0.422394
0.126918 0.415820
0.127085 0.409260
0.127252 0.402715
0.127418 0.396187
0.127585 0.389676
0.127752 0.383184
0.127919 0.376710
0.128085 0.370257
0.128252 0.363824
0.128419 0.357413
0.128586 0.351025
0.128753 0.344661
0.128919 0.338321
0.129086 0.332007
0.129253 0.325718
0.129420 0.319457
0.129586 0.313223
0.129753 0.307019
0.129920 0.300844
0.130087 0.294699
0.130254 0.288586
0.130420 0.282505
0.130587 0.276456
0.130754 0.270441
0.130921 0.264461
0.131087 0.258516
0.131254 0.252606
0.131421 0.246734
0.131588 0.240899
0.131755 0.235102
0.131921 0.229344
0.132088 0.223625
0.132255 0.217947
0.132422 0.212310
0.132588 0.206715
0.132755 0.201162
0.132922 0.195652
0.133089 0.190185
0.133256 0.184763
0.133422 0.179386
0.133589 0.174055
0.133756 0.168769
0.133923 0.163531
0.134089 0.158339
0.134256 0.153196
0.134423 0.148101
0.134590 0.143054
0.134757 0.138058
0.134923 0.133111
0.135090 0.128215
0.135257 0.123369
0.135424 0.118576
0.135590 0.113834
0.135757 0.109144
0.135924 0.104508
0.136091 0.099924
0.136258 0.095394
0.136424 0.090918
0.136591 0.086497
0.136758 0.082130
0.136925 0.077819
0.137091 0.073563
0.137258 0.069363
0.137425 0.065218
0.137592 0.061131
0.137759 0.057099
0.137925 0.053125
0.138092 0.049208
0.138259 0.045349
0.138426 0.041547
0.138592 0.037803
0.138759 0.034117
0.138926 0.030490
0.139093 0.026921
0.139260 0.023410
0.139426 0.019959
0.139593 0.016566
0.139760 0.013232
0.139927 0.009957
0.140093 0.006742
0.140260 0.003586
0.140427 0.000489
0.140594 -0.002549
0.140761 -0.005527
0.140927 -0.008446
0.141094 -0.011305
0.141261 -0.014105
0.141428 -0.016846
0.141594 -0.019527
0.141761 -0.022149
0.141928 -0.024712
0.142095 -0.027216
0.142262 -0.029660
0.142428 -0.032046
0.142595 -0.034372
0.142762 -0.036641
0.142929 -0.038850
0.143095 -0.041001
0.143262 -0.043094
0.143429 -0.045129
0.143596 -0.047106
0.143763 -0.049025
0.143929 -0.050887
0.144096 -0.052692
0.144263 -0.054440
0.144430 -0.056131
0.144596 -0.057766
0.144763 -0.059344
0.144930 -0.060867
0.145097 -0.062334
0.145264 -0.063747
0.145430 -0.065104
0.145597 -0.066406
0.145764 -0.067655
0.145931 -0.068850
0.146097 -0.069991
0.146264 -0.071079
0.146431 -0.072115
0.146598 -0.073098
0.146765 -0.074029
0.146931 -0.074909
0.147098 -0.075738
0.147265 -0.076517
0.147432 -0.077245
0.147598 -0.077924
0.147765 -0.078553
0.147932 -0.079134
0.148099 -0.079667
0.148266 -0.080152
0.148432 -0.080590
0.148599 -0.080981
0.148766 -0.081326
0.148933 -0.081626
0.149099 -0.081880
0.149266 -0.082090
0.149433 -0.082256
0.149600 -0.082379
0.149767 -0.082459
0.149933 -0.082496
0.150100 -0.082492
0.150267 -0.082447
0.150434 -0.082361
0.150600 -0.082236
0.150767 -0.082071
0.150934 -0.081867
0.151101 -0.081626
0.151268 -0.081347
0.151434 -0.081031
0.151601 -0.080679
0.151768 -0.080292
0.151935 -0.079870
0.152101 -0.079413
0.152268 -0.078923
0.152435 -0.078400
0.152602 -0.077845
0.152769 -0.077258
0.152935 -0.076641
0.153102 -0.075993
0.153269 -0.075315
0.153436 -0.074608
0.153602 -0.073874
0.153769 -0.073111
0.153936 -0.072322
0.154103 -0.071506
0.154270 -0.070665
0.154436 -0.069799
0.154603 -0.068909
0.154770 -0.067996
0.154937 -0.067059
0.155103 -0.066101
0.155270 -0.065121
0.155437 -0.064120
0.155604 -0.063099
0.155771 -0.062059
0.155937 -0.061000
0.156104 -0.059923
0.156271 -0.058829
0.156438 -0.057718
0.156604 -0.056591
0.156771 -0.055449
0.156938 -0.054292
0.157105 -0.053122
0.157272 -0.051938
0.157438 -0.050741
0.157605 -0.049532
0.157772 -0.048313
0.157939 -0.047082
0.158105 -0.045842
0.158272 -0.044592
0.158439 -0.043334
0.158606 -0.042067
0.158773 -0.040794
0.158939 -0.039513
0.159106 -0.038227
0.159273 -0.036935
0.159440 -0.035638
0.159606 -0.034337
0.159773 -0.033033
0.159940 -0.031725
0.160107 -0.030415
0.160274 -0.029104
0.160440 -0.027791
0.160607 -0.026477
0.160774 -0.025164
0.160941 -0.023851
0.161107 -0.022539
0.161274 -0.021229
0.161441 -0.019921
0.161608 -0.018617
0.161775 -0.017315
0.161941 -0.016018
0.162108 -0.014724
0.162275 -0.013436
0.162442 -0.012154
0.162608 -0.010877
0.162775 -0.009607
0.162942 -0.008344
0.163109 -0.007088
0.163276 -0.005840
0.163442 -0.004601
0.163609 -0.003371
0.163776 -0.002150
0.163943 -0.000939
0.164109 0.000262
0.164276 0.001452
0.164443 0.002631
0.164610 0.003799
0.164777 0.004954
0.164943 0.006098
0.165110 0.007228
0.165277 0.008345
0.165444 0.009449
0.165610 0.010539
0.165777 0.011615
0.165944 0.012676
0.166111 0.013723
0.166278 0.014754
0.166444 0.015769
0.166611 0.016769
0.166778 0.017752
0.166945 0.018719
0.167111 0.019670
0.167278 0.020603
0.167445 0.021519
0.167612 0.022418
0.167779 0.023299
0.167945 0.024161
0.168112 0.025006
0.168279 0.025832
0.168446 0.026639
0.168612 0.027428
0.168779 0.028198
0.168946 0.028948
0.169113 0.029679
0.169280 0.030390
0.169446 0.031082
0.169613 0.031754
0.169780 0.032406
0.169947 0.033037
0.170113 0.033649
0.170280 0.034240
0.170447 0.034811
0.170614 0.035361
0.170781 0.035891
0.170947 0.036400
0.171114 0.036888
0.171281 0.037356
0.171448 0.037803
0.171614 0.038229
0.171781 0.038634
0.171948 0.039018
0.172115 0.039381
0.172282 0.039724
0.172448 0.040046
0.172615 0.040346
0.172782 0.040626
0.172949 0.040885
0.173115 0.041124
0.173282 0.041342
0.173449 0.041539
0.173616 0.041715
0.173783 0.041872
0.173949 0.042007
0.174116 0.042123
0.174283 0.042218
0.174450 0.042293
0.174616 0.042348
0.174783 0.042384
0.174950 0.042400
0.175117 0.042396
0.175284 0.042372
0.175450 0.042330
0.175617 0.042268
0.175784 0.042187
0.175951 0.042088
0.176117 0.041970
0.176284 0.041833
0.176451 0.041679
0.176618 0.041506
0.176785 0.041316
0.176951 0.041108
0.177118 0.040882
0.177285 0.040639
0.177452 0.040380
0.177618 0.040104
0.177785 0.039811
0.177952 0.039502
0.178119 0.039177
0.178286 0.038836
0.178452 0.038480
0.178619 0.038109
0.178786 0.037723
0.178953 0.037322
0.179119 0.036906
0.179286 0.036477
0.179453 0.036034
0.179620 0.035577
0.179787 0.035107
0.179953 0.034624
0.180120 0.034129
0.180287 0.033621
0.180454 0.033101
0.180620 0.032569
0.180787 0.032026
0.180954 0.031472
0.181121 0.030907
0.181288 0.030332
0.181454 0.029746
0.181621 0.029151
0.181788 0.028546
0.181955 0.027932
0.182121 0.027310
0.182288 0.026678
0.182455 0.026039
0.182622 0.025392
0.182789 0.024737
0.182955 0.024075
0.183122 0.023406
0.183289 0.022731
0.183456 0.022049
0.183622 0.021362
0.183789 0.020669
0.183956 0.019972
0.184123 0.019269
0.184290 0.018562
0.184456 0.017851
0.184623 0.017136
0.184790 0.016417
0.184957 0.015696
0.185123 0.014971
0.185290 0.014245
0.185457 0.013516
0.185624 0.012785
0.185791 0.012053
0.185957 0.011320
0.186124 0.010586
0.186291 0.009852
0.186458 0.009117
0.186624 0.008383
0.186791 0.007649
0.186958 0.006916
0.187125 0.006184
0.187292 0.005454
0.187458 0.004725
0.187625 0.003999
0.187792 0.003275
0.187959 0.002553
0.188125 0.001835
0.188292 0.001120
0.188459 0.000409
0.188626 -0.000299
0.188793 -0.001002
0.188959 -0.001701
0.189126 -0.002395
0.189293 -0.003085
0.189460 -0.003768
0.189626 -0.004447
0.189793 -0.005119
0.189960 -0.005786
0.190127 -0.006446
0.190294 -0.007099
0.190460 -0.007746
0.190627 -0.008385
0.190794 -0.009017
0.190961 -0.009642
0.191127 -0.010259
0.191294 -0.010868
0.191461 -0.011468
0.191628 -0.012060
0.191795 -0.012643
0.191961 -0.013218
0.192128 -0.013783
0.192295 -0.014339
0.192462 -0.014886
0.192628 -0.015423
0.192795 -0.015950
0.192962 -0.016467
0.193129 -0.016974
0.193296 -0.017471
0.193462 -0.017957
0.193629 -0.018432
0.193796 -0.018896
0.193963 -0.019350
0.194129 -0.019792
0.194296 -0.020223
0.194463 -0.020643
0.194630 -0.021051
0.194797 -0.021448
0.194963 -0.021833
0.195130 -0.022206
0.195297 -0.022567
0.195464 -0.022916
0.195630 -0.023253
0.195797 -0.023577
0.195964 -0.023890
0.196131 -0.024190
0.196298 -0.024477
0.196464 -0.024753
0.196631 -0.025015
0.196798 -0.025265
0.196965 -0.025503
0.197131 -0.025727
0.197298 -0.025939
0.197465 -0.026139
0.197632 -0.026325
0.197799 -0.026499
0.197965 -0.026660
0.198132 -0.026808
0.198299 -0.026943
0.198466 -0.027066
0.198632 -0.027176
0.198799 -0.027273
0.198966 -0.027357
0.199133 -0.027429
0.199300 -0.027488
0.199466 -0.027534
0.199633 -0.027568
0.199800 -0.027589
0.199967 -0.027598
0.200133 -0.027594
0.200300 -0.027578
0.200467 -0.027549
0.200634 -0.027509
0.200801 -0.027456
0.200967 -0.027391
0.201134 -0.027314
0.201301 -0.027226
0.201468 -0.027125
0.201634 -0.027013
0.201801 -0.026890
0.201968 -0.026754
0.202135 -0.026608
0.202302 -0.026450
0.202468 -0.026281
0.202635 -0.026101
0.202802 -0.025911
0.202969 -0.025709
0.203135 -0.025497
0.203302 -0.025275
0.203469 -0.025042
0.203636 -0.024800
0.203803 -0.024547
0.203969 -0.024284
0.204136 -0.024012
0.204303 -0.023730
0.204470 -0.023439
0.204636 -0.023139
0.204803 -0.022830
0.204970 -0.022512
0.205137 -0.022185
0.205304 -0.021850
0.205470 -0.021507
0.205637 -0.021156
0.205804 -0.020797
0.205971 -0.020430
0.206137 -0.020056
0.206304 -0.019674
0.206471 -0.019286
0.206638 -0.018890
0.206805 -0.018488
0.206971 -0.018079
0.207138 -0.017664
0.207305 -0.017244
0.207472 -0.016817
0.207638 -0.016385
0.207805 -0.015947
0.207972 -0.015504
0.208139 -0.015056
0.208306 -0.014603
0.208472 -0.014146
0.208639 -0.013685
0.208806 -0.013219
0.208973 -0.012750
0.209139 -0.012277
0.209306 -0.011801
0.209473 -0.011321
0.209640 -0.010839
0.209807 -0.010353
0.209973 -0.009866
0.210140 -0.009375
0.210307 -0.008883
0.210474 -0.008389
0.210640 -0.007894
0.210807 -0.007397
0.210974 -0.006899
0.211141 -0.006400
0.211308 -0.005900
0.211474 -0.005400
0.211641 -0.004899
0.211808 -0.004398
0.211975 -0.003898
0.212141 -0.003398
0.212308 -0.002899
0.212475 -0.002400
0.212642 -0.001903
0.212809 -0.001406
0.212975 -0.000911
0.213142 -0.000418
0.213309 0.000073
0.213476 0.000562
0.213642 0.001049
0.213809 0.001534
0.213976 0.002015
0.214143 0.002494
0.214310 0.002970
0.214476 0.003442
0.214643 0.003911
0.214810 0.004376
0.214977 0.004837
0.215143 0.005295
0.215310 0.005748
0.215477 0.006196
0.215644 0.006640
0.215811 0.007080
0.215977 0.007514
0.216144 0.007943
0.216311 0.008367
0.216478 0.008785
0.216644 0.009198
0.216811 0.009605
0.216978 0.010006
0.217145 0.010401
0.217312 0.010790
0.217478 0.011172
0.217645 0.011548
0.217812 0.011918
0.217979 0.012280
0.218145 0.012636
0.218312 0.012984
0.218479 0.013326
0.218646 0.013660
0.218813 0.013986
0.218979 0.014306
0.219146 0.014617
0.219313 0.014921
0.219480 0.015217
0.219646 0.015505
0.219813 0.015785
0.219980 0.016056
0.220147 0.016320
0.220314 0.016575
0.220480 0.016822
0.220647 0.017061
0.220814 0.017291
0.220981 0.017512
0.221147 0.017725
0.221314 0.017929
0.221481 0.018124
0.221648 0.018311
0.221815 0.018488
0.221981 0.018657
0.222148 0.018817
0.222315 0.018967
0.222482 0.019109
0.222648 0.019242
0.222815 0.019365
0.222982 0.019480
0.223149 0.019585
0.223316 0.019681
0.223482 0.019769
0.223649 0.019847
0.223816 0.019915
0.223983 0.019975
0.224149 0.020026
0.224316 0.020068
0.224483 0.020100
0.224650 0.020123
0.224817 0.020138
0.224983 0.020143
0.225150 0.020140
0.225317 0.020127
0.225484 0.020106
0.225650 0.020075
0.225817 0.020036
0.225984 0.019988
0.226151 0.019932
0.226318 0.019867
0.226484 0.019793
0.226651 0.019710
0.226818 0.019620
0.226985 0.019520
0.227151 0.019413
0.227318 0.019297
0.227485 0.019173
0.227652 0.019041
0.227819 0.018901
0.227985 0.018753
0.228152 0.018597
0.228319 0.018434
0.228486 0.018263
0.228652 0.018084
0.228819 0.017899
0.228986 0.017705
0.229153 0.017505
0.229320 0.017297
0.229486 0.017083
0.229653 0.016862
0.229820 0.016634
0.229987 0.016399
0.230153 0.016158
0.230320 0.015911
0.230487 0.015658
0.230654 0.015398
0.230821 0.015132
0.230987 0.014861
0.231154 0.014584
0.231321 0.014302
0.231488 0.014014
0.231654 0.013721
0.231821 0.013423
0.231988 0.013120
0.232155 0.012812
0.232322 0.012499
0.232488 0.012182
0.232655 0.011861
0.232822 0.011536
0.232989 0.011206
0.233155 0.010873
0.233322 0.010536
0.233489 0.010196
0.233656 0.009852
0.233823 0.009505
0.233989 0.009155
0.234156 0.008802
0.234323 0.008446
0.234490 0.008088
0.234656 0.007727
0.234823 0.007364
0.234990 0.007000
0.235157 0.006633
0.235324 0.006264
0.235490 0.005894
0.235657 0.005523
0.235824 0.005150
0.235991 0.004777
0.236157 0.004402
0.236324 0.004027
0.236491 0.003651
0.236658 0.003275
0.236825 0.002899
0.236991 0.002523
0.237158 0.002146
0.237325 0.001770
0.237492 0.001395
0.237658 0.001020
0.237825 0.000646
0.237992 0.000273
0.238159 -0.000099
0.238326 -0.000470
0.238492 -0.000840
0.238659 -0.001207
0.238826 -0.001573
0.238993 -0.001938
0.239159 -0.002300
0.239326 -0.002660
0.239493 -0.003017
0.239660 -0.003372
0.239827 -0.003725
0.239993 -0.004075
0.240160 -0.004421
0.240327 -0.004765
0.240494 -0.005106
0.240660 -0.005443
0.240827 -0.005776
0.240994 -0.006106
0.241161 -0.006433
0.241328 -0.006755
0.241494 -0.007073
0.241661 -0.007388
0.241828 -0.007698
0.241995 -0.008003
0.242161 -0.008304
0.242328 -0.008601
0.242495 -0.008892
0.242662 -0.009179
0.242829 -0.009461
0.242995 -0.009738
0.243162 -0.010009
0.243329 -0.010276
0.243496 -0.010536
0.243662 -0.010792
0.243829 -0.011042
0.243996 -0.011286
0.244163 -0.011524
0.244330 -0.011757
0.244496 -0.011984
0.244663 -0.012204
0.244830 -0.012419
0.244997 -0.012627
0.245163 -0.012829
0.245330 -0.013025
0.245497 -0.013215
0.245664 -0.013398
0.245831 -0.013574
0.245997 -0.013744
0.246164 -0.013908
0.246331 -0.014065
0.246498 -0.014215
0.246664 -0.014358
0.246831 -0.014494
0.246998 -0.014624
0.247165 -0.014747
0.247332 -0.014863
0.247498 -0.014972
0.247665 -0.015074
0.247832 -0.015169
0.247999 -0.015257
0.248165 -0.015338
0.248332 -0.015412
0.248499 -0.015479
0.248666 -0.015539
0.248833 -0.015591
0.248999 -0.015637
0.249166 -0.015676
0.249333 -0.015707
0.249500 -0.015732
0.249666 -0.015749
0.249833 -0.015760
0.250000 -0.015763
